Date,High,Low,Open,Close,Volume,Adj Close
2016-01-04,89.83000183105469,87.81999969482422,89.81999969482422,88.29000091552734,716600.0,83.18633270263672
2016-01-05,89.23999786376953,88.08999633789062,88.58000183105469,88.43000030517578,627900.0,83.3182373046875
2016-01-06,88.83999633789062,87.01000213623047,87.30999755859375,88.02999877929688,479100.0,82.94136047363281
2016-01-07,87.73999786376953,86.20999908447266,86.81999969482422,86.87999725341797,841700.0,81.85782623291016
2016-01-08,87.19999694824219,84.44999694824219,87.19000244140625,84.62999725341797,807800.0,79.7378921508789
2016-01-11,85.55999755859375,84.37999725341797,84.91999816894531,85.30999755859375,685000.0,80.37859344482422
2016-01-12,87.12000274658203,85.16000366210938,85.25,86.8499984741211,668600.0,81.8295669555664
2016-01-13,87.02999877929688,84.56999969482422,86.95999908447266,84.80999755859375,485600.0,79.9074935913086
2016-01-14,86.1500015258789,84.69999694824219,85.37000274658203,85.54000091552734,516400.0,80.59529876708984
2016-01-15,84.51000213623047,82.5999984741211,83.72000122070312,84.02999877929688,704300.0,79.17257690429688
2016-01-19,85.19000244140625,82.94000244140625,84.68000030517578,83.5,744000.0,78.67322540283203
2016-01-20,83.33999633789062,80.2699966430664,82.2699966430664,82.33999633789062,770400.0,77.58026885986328
2016-01-21,83.37000274658203,80.0,82.62999725341797,80.33000183105469,1489000.0,75.68647003173828
2016-01-22,82.94999694824219,81.05999755859375,81.36000061035156,82.44000244140625,810600.0,77.67449951171875
2016-01-25,82.66999816894531,81.69000244140625,82.2699966430664,81.8499984741211,588400.0,77.11859893798828
2016-01-26,83.33000183105469,81.9800033569336,82.0199966430664,82.86000061035156,686900.0,78.07022094726562
2016-01-27,83.69000244140625,82.44999694824219,82.91999816894531,82.76000213623047,723400.0,77.97600555419922
2016-01-28,83.75,82.75,83.4000015258789,83.13999938964844,817300.0,78.33403015136719
2016-01-29,85.9800033569336,82.79000091552734,83.56999969482422,85.91999816894531,1122100.0,80.95333099365234
2016-02-01,86.7300033569336,84.62000274658203,85.41999816894531,86.11000061035156,770300.0,81.13233947753906
2016-02-02,86.38999938964844,84.87999725341797,85.58999633789062,85.23999786376953,969800.0,80.31263732910156
2016-02-03,87.0,83.88999938964844,86.5199966430664,84.75,908400.0,79.85095977783203
2016-02-04,85.38999938964844,84.48999786376953,84.8499984741211,85.16999816894531,685400.0,80.2466812133789
2016-02-05,85.29000091552734,82.9000015258789,85.0,83.31999969482422,785400.0,78.50361633300781
2016-02-08,82.86000061035156,81.19999694824219,82.80000305175781,82.63999938964844,649600.0,77.86293029785156
2016-02-09,84.23999786376953,81.87999725341797,81.98999786376953,83.48999786376953,642300.0,78.66378784179688
2016-02-10,84.98999786376953,83.16999816894531,83.8499984741211,83.27999877929688,453300.0,78.46595001220703
2016-02-11,82.9000015258789,80.2699966430664,82.0,82.12000274658203,363700.0,77.37299346923828
2016-02-12,83.55000305175781,81.86000061035156,83.12000274658203,83.01000213623047,600600.0,78.2115478515625
2016-02-16,84.20999908447266,83.02999877929688,84.13999938964844,83.9800033569336,603200.0,79.12548065185547
2016-02-17,83.6500015258789,80.22000122070312,80.30000305175781,83.5999984741211,1265600.0,78.7674331665039
2016-02-18,84.08999633789062,81.91000366210938,83.86000061035156,83.08000183105469,524900.0,78.27749633789062
2016-02-19,83.75,81.91000366210938,82.61000061035156,83.37999725341797,714100.0,78.5601577758789
2016-02-22,84.87000274658203,83.9800033569336,84.08999633789062,84.63999938964844,620500.0,79.747314453125
2016-02-23,84.63999938964844,83.62999725341797,84.55999755859375,83.95999908447266,389900.0,79.10662841796875
2016-02-24,84.33000183105469,82.83999633789062,83.33000183105469,84.20999908447266,442000.0,79.34217834472656
2016-02-25,84.77999877929688,83.70999908447266,84.55999755859375,84.77999877929688,474700.0,79.87922668457031
2016-02-26,85.0,84.27999877929688,85.0,84.86000061035156,384100.0,79.95460510253906
2016-02-29,85.1500015258789,83.98999786376953,84.83999633789062,83.98999786376953,495900.0,79.13489532470703
2016-03-01,86.05000305175781,84.31999969482422,84.63999938964844,85.95999908447266,399900.0,80.99101257324219
2016-03-02,86.0999984741211,85.08000183105469,85.66999816894531,86.06999969482422,473400.0,81.09465026855469
2016-03-03,86.80000305175781,85.43000030517578,85.9800033569336,86.72000122070312,375600.0,81.70709228515625
2016-03-04,87.55000305175781,86.47000122070312,86.75,87.0,829100.0,81.97090148925781
2016-03-07,88.41000366210938,86.5,86.72000122070312,87.93000030517578,687400.0,82.8471450805664
2016-03-08,88.33000183105469,86.79000091552734,87.43000030517578,87.6500015258789,432100.0,82.58332824707031
2016-03-09,88.19000244140625,86.6500015258789,87.93000030517578,87.23999786376953,593900.0,82.19702911376953
2016-03-10,88.5,87.05000305175781,87.75,87.73999786376953,451300.0,82.66812133789062
2016-03-11,89.11000061035156,86.38999938964844,88.4000015258789,89.06999969482422,466500.0,83.92124938964844
2016-03-14,89.7300033569336,88.36000061035156,88.88999938964844,89.5,581100.0,84.32637786865234
2016-03-15,89.83000183105469,88.47000122070312,88.66000366210938,89.62000274658203,643400.0,84.43944549560547
2016-03-16,90.16000366210938,88.86000061035156,89.48999786376953,89.83000183105469,494900.0,84.63731384277344
2016-03-17,90.33000183105469,89.41000366210938,89.94999694824219,90.01000213623047,777000.0,84.8069076538086
2016-03-18,90.72000122070312,89.5999984741211,90.16000366210938,90.48999786376953,865100.0,85.2591552734375
2016-03-21,90.88999938964844,89.51000213623047,90.12000274658203,90.18000030517578,841100.0,84.96707153320312
2016-03-22,90.5,89.54000091552734,90.41999816894531,90.3499984741211,733000.0,85.12725067138672
2016-03-23,91.30000305175781,85.86000061035156,91.0,86.27999877929688,1980800.0,81.29251098632812
2016-03-24,87.94999694824219,85.94000244140625,86.25,87.5199966430664,1154700.0,82.4608383178711
2016-03-28,89.12999725341797,86.91999816894531,87.76000213623047,88.6500015258789,645000.0,83.5255126953125
2016-03-29,89.87000274658203,88.37000274658203,88.37000274658203,89.6500015258789,569500.0,84.46772003173828
2016-03-30,90.25,89.5999984741211,90.0,89.7300033569336,678900.0,84.5430908203125
2016-03-31,90.0,89.05000305175781,89.33000183105469,89.80999755859375,694800.0,84.61846160888672
2016-04-01,90.16999816894531,89.04000091552734,89.19000244140625,90.06999969482422,549900.0,84.86344146728516
2016-04-04,90.9800033569336,88.80000305175781,90.31999969482422,88.91000366210938,539800.0,83.7704849243164
2016-04-05,89.18000030517578,87.2699966430664,87.2699966430664,88.33999633789062,692900.0,83.23343658447266
2016-04-06,88.94999694824219,88.25,88.44000244140625,88.94999694824219,590300.0,83.80817413330078
2016-04-07,89.0,88.1500015258789,88.51000213623047,88.93000030517578,984000.0,83.78933715820312
2016-04-08,89.62999725341797,88.80000305175781,89.5,89.31999969482422,475500.0,84.15679168701172
2016-04-11,90.05999755859375,89.05999755859375,89.68000030517578,89.11000061035156,642400.0,83.95893859863281
2016-04-12,89.95999908447266,88.95999908447266,89.3499984741211,89.83000183105469,526400.0,84.63731384277344
2016-04-13,91.37999725341797,90.44000244140625,91.37999725341797,90.58999633789062,996000.0,85.35337829589844
2016-04-14,90.77999877929688,90.04000091552734,90.41000366210938,90.26000213623047,613000.0,85.0424575805664
2016-04-15,90.5,89.7300033569336,90.4000015258789,90.01000213623047,400600.0,84.8069076538086
2016-04-18,90.5,89.75,89.81999969482422,90.30999755859375,337900.0,85.08956146240234
2016-04-19,90.5999984741211,89.98999786376953,90.5,90.47000122070312,627800.0,85.24031066894531
2016-04-20,90.52999877929688,90.05999755859375,90.4000015258789,90.16000366210938,507800.0,84.9482421875
2016-04-21,90.0,89.08000183105469,90.0,89.16000366210938,565900.0,84.00604248046875
2016-04-22,89.83999633789062,89.26000213623047,89.26000213623047,89.69999694824219,539700.0,84.51481628417969
2016-04-25,89.7699966430664,89.08999633789062,89.6500015258789,89.45999908447266,569300.0,84.28868865966797
2016-04-26,90.05999755859375,89.43000030517578,89.58999633789062,89.83000183105469,780900.0,84.63731384277344
2016-04-27,90.5,89.30000305175781,89.94999694824219,89.97000122070312,627700.0,84.76921081542969
2016-04-28,90.41999816894531,89.12000274658203,89.7300033569336,89.27999877929688,1263000.0,84.11911010742188
2016-04-29,89.83000183105469,88.51000213623047,89.01000213623047,89.77999877929688,721000.0,84.59020233154297
2016-05-02,90.16000366210938,89.52999877929688,89.83999633789062,89.95999908447266,471400.0,84.7597885131836
2016-05-03,89.7699966430664,89.30999755859375,89.58000183105469,89.61000061035156,556600.0,84.43002319335938
2016-05-04,90.12999725341797,89.37000274658203,89.55000305175781,89.83999633789062,447300.0,84.64673614501953
2016-05-05,90.38999938964844,89.8499984741211,90.18000030517578,89.94000244140625,476000.0,84.74095153808594
2016-05-06,91.12000274658203,89.61000061035156,89.80000305175781,91.0,788800.0,85.73968505859375
2016-05-09,91.7300033569336,91.08999633789062,91.29000091552734,91.45999908447266,681400.0,86.17308807373047
2016-05-10,91.9800033569336,91.51000213623047,91.75,91.9000015258789,550300.0,86.58765411376953
2016-05-11,91.95999908447266,91.4000015258789,91.69000244140625,91.44000244140625,465900.0,86.15424346923828
2016-05-12,91.94000244140625,91.25,91.7300033569336,91.69000244140625,455900.0,86.3897933959961
2016-05-13,92.16999816894531,91.30999755859375,91.66000366210938,91.5199966430664,699900.0,86.2296142578125
2016-05-16,92.08999633789062,91.41999816894531,91.62999725341797,91.73999786376953,647000.0,86.43689727783203
2016-05-17,91.91000366210938,91.19000244140625,91.72000122070312,91.2699966430664,637700.0,85.99407958984375
2016-05-18,91.8499984741211,90.55000305175781,91.16999816894531,91.13999938964844,797200.0,85.87158203125
2016-05-19,91.72000122070312,90.63999938964844,90.94999694824219,91.41999816894531,578700.0,86.1353988647461
2016-05-20,92.54000091552734,91.66000366210938,91.91000366210938,92.05000305175781,1033400.0,86.72898864746094
2016-05-23,92.5,91.98999786376953,92.0,92.31999969482422,516200.0,86.9833755493164
2016-05-24,94.16000366210938,92.45999908447266,92.54000091552734,94.08999633789062,1030900.0,88.65105438232422
2016-05-25,94.37000274658203,93.44000244140625,94.37000274658203,93.81999969482422,814700.0,88.39665985107422
2016-05-26,94.52999877929688,93.80000305175781,93.87000274658203,93.94999694824219,572400.0,88.51914978027344
2016-05-27,95.0999984741211,93.63999938964844,93.95999908447266,95.08999633789062,788800.0,89.5932388305664
2016-05-31,95.48999786376953,94.2699966430664,94.94000244140625,94.80000305175781,3653900.0,89.32002258300781
2016-06-01,94.81999969482422,93.95999908447266,94.4000015258789,94.80999755859375,462300.0,89.32942962646484
2016-06-02,95.48999786376953,94.45999908447266,94.77999877929688,95.47000122070312,662200.0,89.9512939453125
2016-06-03,95.2699966430664,94.16999816894531,95.05000305175781,94.98999786376953,431900.0,89.49903869628906
2016-06-06,95.54000091552734,94.41000366210938,94.98999786376953,95.19000244140625,311500.0,89.68746948242188
2016-06-07,95.48999786376953,93.47000122070312,95.16999816894531,94.91999816894531,755800.0,89.43307495117188
2016-06-08,95.16000366210938,94.5999984741211,95.02999877929688,95.1500015258789,475600.0,89.6497802734375
2016-06-09,95.56999969482422,94.63999938964844,95.13999938964844,95.54000091552734,530300.0,90.01724243164062
2016-06-10,95.0999984741211,94.31999969482422,94.83000183105469,94.5199966430664,450100.0,89.05619812011719
2016-06-13,94.79000091552734,93.62000274658203,93.80000305175781,94.11000061035156,407000.0,88.6698989868164
2016-06-14,94.27999877929688,93.58000183105469,94.0999984741211,94.12999725341797,383000.0,88.6887435913086
2016-06-15,94.54000091552734,93.94999694824219,94.4800033569336,94.04000091552734,326800.0,88.60395050048828
2016-06-16,94.68000030517578,93.02999877929688,93.94999694824219,94.58000183105469,350200.0,89.11273193359375
2016-06-17,94.54000091552734,93.4800033569336,94.52999877929688,94.0199966430664,469000.0,88.58509826660156
2016-06-20,94.94999694824219,94.1500015258789,94.83999633789062,94.25,376200.0,88.80180358886719
2016-06-21,94.77999877929688,94.05000305175781,94.66000366210938,94.5,283700.0,89.03734588623047
2016-06-22,95.12000274658203,94.55000305175781,94.72000122070312,94.5999984741211,306500.0,89.13157653808594
2016-06-23,95.69000244140625,94.91999816894531,95.12999725341797,95.69000244140625,336900.0,90.1585693359375
2016-06-24,94.30000305175781,93.0,93.12000274658203,93.33000183105469,1177900.0,87.93499755859375
2016-06-27,93.13999938964844,91.23999786376953,92.95999908447266,91.62999725341797,789800.0,86.33325958251953
2016-06-28,93.36000061035156,92.08000183105469,92.47000122070312,93.29000091552734,748500.0,87.89730072021484
2016-06-29,95.88999938964844,93.87000274658203,94.08999633789062,95.6500015258789,675000.0,90.12088012695312
2016-06-30,98.1500015258789,95.56999969482422,95.91000366210938,98.12999725341797,817200.0,92.45751953125
2016-07-01,99.05999755859375,96.95999908447266,97.81999969482422,98.91999816894531,628300.0,93.20185089111328
2016-07-05,99.6500015258789,98.36000061035156,99.0999984741211,99.5,811400.0,93.74832916259766
2016-07-06,99.69000244140625,98.56999969482422,98.63999938964844,99.30000305175781,685500.0,93.55988311767578
2016-07-07,99.69999694824219,98.4000015258789,99.33999633789062,98.76000213623047,455100.0,93.05110931396484
2016-07-08,99.77999877929688,99.12000274658203,99.66999816894531,99.62999725341797,834800.0,93.87081146240234
2016-07-11,99.55000305175781,97.5199966430664,99.55000305175781,98.06999969482422,772300.0,92.40099334716797
2016-07-12,98.75,97.43000030517578,98.33999633789062,97.5,604700.0,91.86393737792969
2016-07-13,98.2699966430664,97.44999694824219,98.12999725341797,97.48999786376953,344600.0,91.8545150756836
2016-07-14,98.16000366210938,97.48999786376953,98.05999755859375,97.91000366210938,469200.0,92.25025177001953
2016-07-15,98.41000366210938,97.43000030517578,98.0999984741211,97.5999984741211,404000.0,91.9581527709961
2016-07-18,98.16000366210938,97.2300033569336,97.97000122070312,97.6500015258789,457200.0,92.00527954101562
2016-07-19,98.11000061035156,97.05999755859375,97.31999969482422,97.41999816894531,693400.0,91.78855895996094
2016-07-20,108.97000122070312,100.61000061035156,101.05000305175781,106.8499984741211,3379600.0,100.6734619140625
2016-07-21,108.0199966430664,106.83000183105469,106.97000122070312,107.30000305175781,1258200.0,101.09745025634766
2016-07-22,108.08999633789062,107.19000244140625,107.37999725341797,107.94999694824219,697800.0,101.70986938476562
2016-07-25,108.69000244140625,107.31999969482422,107.61000061035156,108.22000122070312,733300.0,101.9642562866211
2016-07-26,109.11000061035156,107.43000030517578,108.30999755859375,108.38999938964844,668900.0,102.12444305419922
2016-07-27,108.4800033569336,107.41999816894531,108.4800033569336,107.95999908447266,467300.0,101.71929168701172
2016-07-28,108.5,107.11000061035156,107.93000030517578,108.18000030517578,521700.0,101.92657470703125
2016-07-29,108.13999938964844,106.88999938964844,108.13999938964844,107.2699966430664,908700.0,101.06918334960938
2016-08-01,107.73999786376953,107.0199966430664,107.26000213623047,107.41000366210938,485200.0,101.20108795166016
2016-08-02,107.38999938964844,106.31999969482422,106.83999633789062,106.3499984741211,621800.0,100.20234680175781
2016-08-03,107.77999877929688,105.70999908447266,106.3499984741211,106.31999969482422,808500.0,100.17410278320312
2016-08-04,107.7699966430664,106.29000091552734,106.36000061035156,106.55999755859375,495300.0,100.40023040771484
2016-08-05,108.41000366210938,106.33999633789062,106.97000122070312,106.88999938964844,594200.0,100.71114349365234
2016-08-08,107.0,106.18000030517578,107.0,106.55000305175781,432800.0,100.39079284667969
2016-08-09,106.81999969482422,106.05000305175781,106.66999816894531,106.81999969482422,532400.0,100.64518737792969
2016-08-10,107.52999877929688,106.66999816894531,106.7300033569336,107.37999725341797,376700.0,101.17280578613281
2016-08-11,107.93000030517578,106.41000366210938,107.9000015258789,107.51000213623047,645100.0,101.2953109741211
2016-08-12,107.58999633789062,106.91999816894531,107.12999725341797,107.3499984741211,309400.0,101.1445541381836
2016-08-15,107.5199966430664,106.9000015258789,107.30000305175781,107.41999816894531,429000.0,101.21050262451172
2016-08-16,117.6500015258789,112.91000366210938,115.56999969482422,112.98999786376953,2258800.0,106.4585189819336
2016-08-17,116.08000183105469,113.55999755859375,114.41000366210938,115.6500015258789,1718700.0,108.96475982666016
2016-08-18,115.9800033569336,113.13999938964844,115.9800033569336,113.88999938964844,673600.0,107.3064956665039
2016-08-19,113.87999725341797,112.8499984741211,113.37999725341797,113.79000091552734,1018900.0,107.21228790283203
2016-08-22,114.33999633789062,113.6500015258789,113.80000305175781,114.02999877929688,427900.0,107.43840789794922
2016-08-23,114.66999816894531,113.41000366210938,114.05999755859375,114.52999877929688,398400.0,107.90950012207031
2016-08-24,114.75,113.88999938964844,114.5999984741211,114.44999694824219,372300.0,107.83412170410156
2016-08-25,116.66999816894531,114.41999816894531,114.41999816894531,116.04000091552734,789300.0,109.33222198486328
2016-08-26,116.87000274658203,114.75,115.95999908447266,115.70999908447266,547800.0,109.02130126953125
2016-08-29,116.6500015258789,115.04000091552734,115.55999755859375,116.37999725341797,431500.0,109.65257263183594
2016-08-30,117.05999755859375,115.87999725341797,116.06999969482422,117.04000091552734,523400.0,110.27440643310547
2016-08-31,117.69000244140625,116.5,117.08999633789062,117.51000213623047,712000.0,110.71724700927734
2016-09-01,118.0,117.08999633789062,118.0,117.69999694824219,475900.0,110.89625549316406
2016-09-02,119.18000030517578,118.06999969482422,118.2300033569336,118.83999633789062,558100.0,111.9703598022461
2016-09-06,119.94000244140625,117.8499984741211,119.12000274658203,119.1500015258789,545600.0,112.26244354248047
2016-09-07,118.95999908447266,118.13999938964844,118.86000061035156,118.30000305175781,710200.0,111.46157836914062
2016-09-08,117.87000274658203,117.12999725341797,117.81999969482422,117.19000244140625,489500.0,110.41574096679688
2016-09-09,116.91000366210938,113.52999877929688,116.47000122070312,113.80999755859375,1338900.0,107.23113250732422
2016-09-12,114.91999816894531,113.76000213623047,114.08000183105469,114.7300033569336,929700.0,108.09795379638672
2016-09-13,114.37999725341797,112.87000274658203,113.76000213623047,112.94000244140625,1093000.0,106.41142272949219
2016-09-14,114.05999755859375,112.58000183105469,113.02999877929688,113.13999938964844,832800.0,106.59983825683594
2016-09-15,114.56999969482422,112.54000091552734,112.98999786376953,114.08999633789062,681600.0,107.49493408203125
2016-09-16,113.97000122070312,112.91000366210938,113.55000305175781,113.31999969482422,1092600.0,106.76945495605469
2016-09-19,114.29000091552734,113.08000183105469,113.54000091552734,113.31999969482422,394600.0,106.76945495605469
2016-09-20,114.2699966430664,113.33999633789062,114.11000061035156,113.86000061035156,502000.0,107.27823638916016
2016-09-21,114.87999725341797,113.01000213623047,113.91999816894531,114.70999908447266,541700.0,108.07910919189453
2016-09-22,116.23999786376953,114.70999908447266,114.98999786376953,115.0999984741211,392400.0,108.44656372070312
2016-09-23,115.86000061035156,113.97000122070312,114.9800033569336,114.16000366210938,353200.0,107.5608901977539
2016-09-26,113.9800033569336,113.0999984741211,113.8499984741211,113.19000244140625,434600.0,106.64697265625
2016-09-27,113.72000122070312,112.33000183105469,113.19000244140625,113.43000030517578,731900.0,106.87310028076172
2016-09-28,118.9000015258789,115.62000274658203,118.88999938964844,116.16999816894531,1475200.0,109.45470428466797
2016-09-29,116.06999969482422,111.08999633789062,115.55000305175781,111.36000061035156,1511200.0,104.9227523803711
2016-09-30,112.80999755859375,111.33000183105469,111.9000015258789,112.5999984741211,1414000.0,106.09107208251953
2016-10-03,113.9000015258789,112.16000366210938,112.7699966430664,112.41999816894531,785500.0,105.92147827148438
2016-10-04,112.75,110.43000030517578,112.44000244140625,111.4800033569336,838900.0,105.03581237792969
2016-10-05,111.91000366210938,110.61000061035156,111.3499984741211,110.91999816894531,771500.0,104.50817108154297
2016-10-06,112.0,110.30999755859375,110.4000015258789,111.76000213623047,507000.0,105.29962921142578
2016-10-07,112.02999877929688,110.33999633789062,112.02999877929688,110.45999908447266,611500.0,104.07477569580078
2016-10-10,111.36000061035156,110.5,110.83999633789062,110.77999877929688,468000.0,104.37627410888672
2016-10-11,110.9000015258789,108.9800033569336,110.30999755859375,109.31999969482422,513500.0,103.00067138671875
2016-10-12,110.11000061035156,109.23999786376953,109.58000183105469,109.75,388200.0,103.40581512451172
2016-10-13,109.7699966430664,108.38999938964844,109.36000061035156,109.33000183105469,415000.0,103.01010131835938
2016-10-14,110.1500015258789,109.2300033569336,109.45999908447266,109.25,324600.0,102.9347152709961
2016-10-17,109.55000305175781,108.16000366210938,109.0199966430664,108.25,455700.0,101.9925308227539
2016-10-18,111.02999877929688,108.30000305175781,109.27999877929688,108.4000015258789,550300.0,102.13385772705078
2016-10-19,108.77999877929688,107.79000091552734,108.18000030517578,108.08000183105469,549100.0,101.83235168457031
2016-10-20,107.9800033569336,106.16000366210938,107.9000015258789,106.56999969482422,964200.0,100.40963745117188
2016-10-21,106.76000213623047,105.86000061035156,106.12999725341797,106.44999694824219,666400.0,100.29656982421875
2016-10-24,107.5999984741211,106.54000091552734,107.06999969482422,106.97000122070312,380000.0,100.7865219116211
2016-10-25,106.91999816894531,106.06999969482422,106.63999938964844,106.7300033569336,598200.0,100.56040954589844
2016-10-26,106.83000183105469,105.76000213623047,106.31999969482422,106.61000061035156,463400.0,100.44732666015625
2016-10-27,107.0,105.41999816894531,106.83000183105469,105.66999816894531,413300.0,99.5616683959961
2016-10-28,106.7300033569336,105.29000091552734,105.52999877929688,105.93000030517578,470800.0,99.80663299560547
2016-10-31,107.12999725341797,105.76000213623047,106.44999694824219,106.66999816894531,726700.0,100.50386047363281
2016-11-01,106.54000091552734,103.95999908447266,106.44999694824219,104.36000061035156,843000.0,98.32740020751953
2016-11-02,103.45999908447266,102.48999786376953,102.9000015258789,102.56999969482422,733300.0,97.88838958740234
2016-11-03,103.12999725341797,102.06999969482422,102.69999694824219,102.98999786376953,582000.0,98.28921508789062
2016-11-04,103.83999633789062,102.87000274658203,103.2300033569336,103.05999755859375,493300.0,98.35602569580078
2016-11-07,104.86000061035156,103.7699966430664,104.13999938964844,104.80999755859375,438100.0,100.0261459350586
2016-11-08,105.95999908447266,104.33999633789062,104.79000091552734,105.62999725341797,412300.0,100.8087158203125
2016-11-09,107.8499984741211,102.8499984741211,103.52999877929688,107.48999786376953,816200.0,102.58382415771484
2016-11-10,108.38999938964844,107.36000061035156,107.69999694824219,107.9800033569336,805400.0,103.05146026611328
2016-11-11,108.83999633789062,106.98999786376953,107.29000091552734,108.72000122070312,649600.0,103.75767517089844
2016-11-14,109.97000122070312,108.20999908447266,109.1500015258789,109.04000091552734,709800.0,104.06307983398438
2016-11-15,109.55999755859375,108.36000061035156,109.36000061035156,109.13999938964844,629900.0,104.15850830078125
2016-11-16,109.06999969482422,107.97000122070312,108.73999786376953,108.98999786376953,573700.0,104.01536560058594
2016-11-17,110.69999694824219,108.98999786376953,109.01000213623047,110.4000015258789,581100.0,105.36100006103516
2016-11-18,111.7699966430664,109.73999786376953,110.37000274658203,111.70999908447266,1522300.0,106.6112060546875
2016-11-21,112.80999755859375,110.98999786376953,111.9800033569336,112.79000091552734,593000.0,107.64192199707031
2016-11-22,115.0199966430664,112.80999755859375,112.80999755859375,114.83999633789062,723100.0,109.59833526611328
2016-11-23,115.72000122070312,114.58000183105469,115.06999969482422,115.31999969482422,583400.0,110.05643463134766
2016-11-25,116.5,115.06999969482422,115.7699966430664,116.48999786376953,285900.0,111.17304992675781
2016-11-28,116.58999633789062,115.80000305175781,116.16999816894531,116.12999725341797,671600.0,110.8294677734375
2016-11-29,116.2699966430664,115.5199966430664,116.18000030517578,115.58000183105469,542000.0,110.30457305908203
2016-11-30,115.75,114.37999725341797,115.61000061035156,114.5999984741211,717500.0,109.36930084228516
2016-12-01,116.01000213623047,114.20999908447266,114.61000061035156,115.88999938964844,631200.0,110.60041046142578
2016-12-02,116.80999755859375,115.36000061035156,115.7300033569336,116.6500015258789,553300.0,111.32574462890625
2016-12-05,118.18000030517578,116.69999694824219,117.0,118.05000305175781,681500.0,112.6618423461914
2016-12-06,118.52999877929688,117.6500015258789,117.88999938964844,118.4000015258789,538400.0,112.99585723876953
2016-12-07,120.5,118.44000244140625,118.63999938964844,120.37000274658203,531800.0,114.87594604492188
2016-12-08,120.9000015258789,119.3499984741211,120.06999969482422,120.55000305175781,479700.0,115.0477294921875
2016-12-09,120.95999908447266,120.04000091552734,120.37000274658203,120.70999908447266,481400.0,115.20043182373047
2016-12-12,121.27999877929688,120.05000305175781,120.7300033569336,120.37999725341797,707400.0,114.8854751586914
2016-12-13,120.87000274658203,119.66999816894531,120.58999633789062,120.55000305175781,635200.0,115.0477294921875
2016-12-14,121.41999816894531,119.43000030517578,120.80999755859375,119.52999877929688,659800.0,114.07427978515625
2016-12-15,122.20999908447266,119.69000244140625,121.0,120.01000213623047,652300.0,114.53237915039062
2016-12-16,120.58999633789062,119.22000122070312,120.19000244140625,119.69000244140625,3597800.0,114.22697448730469
2016-12-19,121.13999938964844,119.98999786376953,120.33999633789062,120.1500015258789,832500.0,114.6659927368164
2016-12-20,120.48999786376953,119.44000244140625,120.19999694824219,119.77999877929688,475500.0,114.31287384033203
2016-12-21,120.26000213623047,119.30000305175781,119.97000122070312,119.51000213623047,552900.0,114.0551986694336
2016-12-22,120.22000122070312,119.0999984741211,120.08000183105469,120.08999633789062,1013800.0,114.60871124267578
2016-12-23,117.38999938964844,113.0,117.08000183105469,116.36000061035156,2393000.0,111.0489730834961
2016-12-27,117.0,116.0199966430664,116.37999725341797,116.55000305175781,629100.0,111.23030853271484
2016-12-28,116.91000366210938,115.47000122070312,116.58000183105469,115.5999984741211,467400.0,110.32365417480469
2016-12-29,116.52999877929688,115.44999694824219,115.5199966430664,116.31999969482422,513400.0,111.01079559326172
2016-12-30,116.9000015258789,115.41000366210938,116.58000183105469,115.55999755859375,698000.0,110.28547668457031
2017-01-03,117.05999755859375,115.91000366210938,116.37000274658203,116.31999969482422,858700.0,111.01079559326172
2017-01-04,117.70999908447266,116.08999633789062,116.23999786376953,117.30999755859375,623400.0,111.95560455322266
2017-01-05,117.70999908447266,116.02999877929688,116.88999938964844,116.27999877929688,598700.0,110.97262573242188
2017-01-06,116.95999908447266,115.77999877929688,116.51000213623047,116.69999694824219,429700.0,111.37344360351562
2017-01-09,116.47000122070312,115.04000091552734,116.47000122070312,115.4800033569336,524700.0,110.2091293334961
2017-01-10,115.41999816894531,114.73999786376953,115.22000122070312,114.77999877929688,894900.0,109.54109191894531
2017-01-11,115.55999755859375,114.6500015258789,114.80000305175781,115.31999969482422,465800.0,110.05643463134766
2017-01-12,115.23999786376953,113.20999908447266,115.08999633789062,114.4000015258789,586000.0,109.17843627929688
2017-01-13,114.87999725341797,113.79000091552734,114.27999877929688,114.55999755859375,448800.0,109.33112335205078
2017-01-17,114.2699966430664,113.30999755859375,113.80999755859375,113.66999816894531,305100.0,108.48175048828125
2017-01-18,114.12999725341797,113.2300033569336,113.9800033569336,113.97000122070312,424700.0,108.76805877685547
2017-01-19,114.27999877929688,113.2300033569336,113.95999908447266,113.73999786376953,382400.0,108.54855346679688
2017-01-20,114.37999725341797,113.30999755859375,114.26000213623047,113.87999725341797,371900.0,108.68216705322266
2017-01-23,114.05999755859375,112.95999908447266,113.7699966430664,113.83999633789062,267100.0,108.64398193359375
2017-01-24,115.55999755859375,113.75,113.75,115.51000213623047,609200.0,110.23777770996094
2017-01-25,116.98999786376953,115.38999938964844,115.75,116.75,783900.0,111.42117309570312
2017-01-26,117.94999694824219,116.6500015258789,116.87999725341797,117.38999938964844,435500.0,112.03195190429688
2017-01-27,117.5999984741211,116.73999786376953,117.33000183105469,117.29000091552734,478200.0,111.93653106689453
2017-01-30,117.12000274658203,115.30000305175781,117.12000274658203,116.19999694824219,388200.0,110.8962631225586
2017-01-31,116.52999877929688,115.16000366210938,116.13999938964844,116.11000061035156,647300.0,110.81037902832031
2017-02-01,117.31999969482422,114.52999877929688,115.80000305175781,114.8499984741211,774600.0,109.6078872680664
2017-02-02,115.47000122070312,114.25,114.48999786376953,115.22000122070312,590900.0,109.96101379394531
2017-02-03,116.68000030517578,114.33000183105469,115.68000030517578,116.11000061035156,384600.0,110.81037902832031
2017-02-06,115.8499984741211,114.70999908447266,115.7699966430664,114.95999908447266,490600.0,109.71287536621094
2017-02-07,115.33999633789062,114.37000274658203,115.31999969482422,114.79000091552734,562800.0,109.5506362915039
2017-02-08,114.94000244140625,113.79000091552734,114.52999877929688,114.3499984741211,427200.0,109.1307144165039
2017-02-09,115.4800033569336,114.4000015258789,114.55000305175781,115.36000061035156,474100.0,110.09461212158203
2017-02-10,117.0,115.16999816894531,115.48999786376953,116.72000122070312,722900.0,111.39253997802734
2017-02-13,117.6500015258789,116.62999725341797,117.23999786376953,116.98999786376953,448000.0,111.65021514892578
2017-02-14,117.0199966430664,116.0999984741211,116.55999755859375,117.0199966430664,362300.0,111.67884826660156
2017-02-15,118.5999984741211,116.47000122070312,116.73999786376953,118.41000366210938,507700.0,113.00540924072266
2017-02-16,119.51000213623047,118.04000091552734,118.43000030517578,119.51000213623047,464100.0,114.0551986694336
2017-02-17,119.37999725341797,118.08999633789062,118.97000122070312,118.61000061035156,1435500.0,113.19627380371094
2017-02-21,119.20999908447266,118.02999877929688,118.66000366210938,118.44000244140625,451400.0,113.03404235839844
2017-02-22,118.83999633789062,117.63999938964844,118.12000274658203,118.80000305175781,491600.0,113.37760162353516
2017-02-23,119.0199966430664,117.58999633789062,119.0199966430664,118.43000030517578,395200.0,113.02448272705078
2017-02-24,119.06999969482422,117.26000213623047,118.06999969482422,119.06999969482422,394600.0,113.6352767944336
2017-02-27,119.25,118.55000305175781,118.88999938964844,119.11000061035156,248900.0,113.6734390258789
2017-02-28,118.98999786376953,117.8499984741211,118.98999786376953,118.01000213623047,413000.0,112.6236572265625
2017-03-01,119.98999786376953,118.5199966430664,118.69000244140625,119.62999725341797,585100.0,114.16972351074219
2017-03-02,119.30999755859375,118.33000183105469,119.30000305175781,118.54000091552734,418200.0,113.12946319580078
2017-03-03,118.83999633789062,117.87000274658203,118.6500015258789,118.41000366210938,422000.0,113.00540924072266
2017-03-06,118.70999908447266,117.44999694824219,118.06999969482422,118.61000061035156,287000.0,113.19627380371094
2017-03-07,118.98999786376953,117.79000091552734,118.20999908447266,118.2699966430664,417500.0,112.87178039550781
2017-03-08,118.76000213623047,117.97000122070312,118.12000274658203,118.36000061035156,326100.0,112.95768737792969
2017-03-09,118.76000213623047,117.20999908447266,118.58999633789062,117.87000274658203,332900.0,112.49005126953125
2017-03-10,119.2699966430664,118.25,118.63999938964844,119.02999877929688,449600.0,113.59710693359375
2017-03-13,119.37999725341797,118.7699966430664,118.87999725341797,119.12999725341797,336700.0,113.69255065917969
2017-03-14,119.27999877929688,117.8499984741211,118.98999786376953,118.44999694824219,323400.0,113.0435791015625
2017-03-15,119.56999969482422,118.45999908447266,118.8499984741211,119.45999908447266,415400.0,114.00747680664062
2017-03-16,120.0,118.93000030517578,119.66000366210938,119.23999786376953,301100.0,113.79751586914062
2017-03-17,125.93000030517578,120.83000183105469,122.30999755859375,124.87000274658203,2220900.0,119.17053985595703
2017-03-20,125.44000244140625,123.69999694824219,124.80999755859375,124.30999755859375,1030500.0,118.6361083984375
2017-03-21,125.69000244140625,123.62000274658203,125.01000213623047,123.77999877929688,998200.0,118.13029479980469
2017-03-22,125.19999694824219,123.70999908447266,124.08999633789062,124.37000274658203,853500.0,118.69337463378906
2017-03-23,128.85000610351562,122.73999786376953,124.33000183105469,125.94999694824219,1414400.0,120.20124816894531
2017-03-24,126.41999816894531,124.83999633789062,126.41000366210938,125.12999725341797,709500.0,119.41868591308594
2017-03-27,125.76000213623047,123.44999694824219,124.91999816894531,125.12000274658203,612100.0,119.40914916992188
2017-03-28,126.44999694824219,124.19999694824219,124.93000030517578,126.19999694824219,502400.0,120.43984985351562
2017-03-29,126.56999969482422,125.5999984741211,125.5999984741211,126.44000244140625,687100.0,120.66889190673828
2017-03-30,127.44999694824219,126.18000030517578,126.19000244140625,126.9800033569336,451800.0,121.18424987792969
2017-03-31,127.06999969482422,126.25,126.87999725341797,126.54000091552734,642800.0,120.76432800292969
2017-04-03,126.97000122070312,124.72000122070312,126.86000061035156,124.75,689100.0,119.05601501464844
2017-04-04,125.08999633789062,123.91999816894531,124.5199966430664,124.83999633789062,439300.0,119.14192199707031
2017-04-05,125.70999908447266,123.63999938964844,124.95999908447266,123.7699966430664,451400.0,118.12075805664062
2017-04-06,123.83000183105469,122.83999633789062,123.66000366210938,123.20999908447266,517100.0,117.58631896972656
2017-04-07,123.4800033569336,122.4000015258789,123.06999969482422,122.55999755859375,706100.0,116.96598052978516
2017-04-10,123.79000091552734,121.95999908447266,122.37000274658203,122.66000366210938,604200.0,117.06143188476562
2017-04-11,122.95999908447266,121.66999816894531,122.04000091552734,122.95999908447266,480700.0,117.34771728515625
2017-04-12,123.73999786376953,121.72000122070312,123.29000091552734,122.37999725341797,314100.0,116.79419708251953
2017-04-13,122.83999633789062,121.4800033569336,122.5199966430664,121.68000030517578,304000.0,116.12614440917969
2017-04-17,122.98999786376953,121.97000122070312,122.13999938964844,122.9800033569336,309700.0,117.36682891845703
2017-04-18,123.05000305175781,121.69999694824219,122.69000244140625,122.37000274658203,345800.0,116.78466033935547
2017-04-19,123.20999908447266,122.1500015258789,122.37000274658203,122.6500015258789,331900.0,117.0518798828125
2017-04-20,123.55999755859375,122.63999938964844,123.37000274658203,123.0999984741211,378100.0,117.48133850097656
2017-04-21,123.87999725341797,122.94000244140625,123.19999694824219,123.13999938964844,617800.0,117.51951599121094
2017-04-24,125.51000213623047,124.04000091552734,124.20999908447266,125.44999694824219,550700.0,119.72406768798828
2017-04-25,126.2699966430664,124.83000183105469,125.69000244140625,125.11000061035156,503200.0,119.39958190917969
2017-04-26,125.37999725341797,124.22000122070312,125.16999816894531,124.2300033569336,525200.0,118.55975341796875
2017-04-27,125.04000091552734,123.66000366210938,124.16000366210938,123.94000244140625,433900.0,118.28299713134766
2017-04-28,124.0199966430664,122.41000366210938,124.0199966430664,122.47000122070312,659300.0,116.88008880615234
2017-05-01,122.7300033569336,120.8499984741211,121.5999984741211,121.58000183105469,734300.0,116.03071594238281
2017-05-02,122.77999877929688,121.20999908447266,121.66000366210938,121.80999755859375,433200.0,116.25020599365234
2017-05-03,121.91999816894531,119.94999694824219,121.7699966430664,120.87999725341797,510500.0,115.36265563964844
2017-05-04,121.94999694824219,120.73999786376953,121.16999816894531,121.94000244140625,345500.0,116.3742904663086
2017-05-05,123.0,121.69999694824219,122.37999725341797,122.98999786376953,321100.0,117.37635803222656
2017-05-08,122.83999633789062,120.73999786376953,122.68000030517578,120.91000366210938,464700.0,115.39129638671875
2017-05-09,121.66000366210938,120.55000305175781,120.76000213623047,121.5,352800.0,115.9543685913086
2017-05-10,121.83999633789062,120.87000274658203,121.45999908447266,121.44000244140625,423400.0,115.89710998535156
2017-05-11,122.55999755859375,120.72000122070312,121.20999908447266,122.54000091552734,452700.0,116.94689178466797
2017-05-12,122.58000183105469,121.47000122070312,122.18000030517578,122.30000305175781,389200.0,116.71785736083984
2017-05-15,122.83000183105469,121.31999969482422,122.20999908447266,122.37000274658203,310800.0,116.78466033935547
2017-05-16,122.58999633789062,121.75,122.23999786376953,122.56999969482422,480100.0,116.97553253173828
2017-05-17,122.08000183105469,120.12000274658203,121.66999816894531,120.16999816894531,518400.0,114.68506622314453
2017-05-18,121.16999816894531,119.54000091552734,120.36000061035156,120.58000183105469,498500.0,115.07635498046875
2017-05-19,121.4000015258789,119.7300033569336,120.66000366210938,121.0199966430664,1787600.0,115.49627685546875
2017-05-22,121.91000366210938,120.83000183105469,121.13999938964844,121.73999786376953,414900.0,116.18341064453125
2017-05-23,122.52999877929688,121.41000366210938,121.94999694824219,122.38999938964844,363200.0,116.80374145507812
2017-05-24,124.87000274658203,122.4000015258789,122.75,124.69000244140625,471200.0,118.99877166748047
2017-05-25,125.88999938964844,124.63999938964844,125.08000183105469,125.55000305175781,296400.0,119.81951904296875
2017-05-26,125.58999633789062,124.5,125.1500015258789,125.16000366210938,278000.0,119.44731903076172
2017-05-30,124.94999694824219,123.7699966430664,124.58999633789062,124.75,333900.0,119.05601501464844
2017-05-31,125.94000244140625,124.52999877929688,125.05000305175781,125.87999725341797,671300.0,120.13445281982422
2017-06-01,126.93000030517578,124.77999877929688,126.12000274658203,126.93000030517578,391400.0,121.13652038574219
2017-06-02,128.72000122070312,127.0,127.20999908447266,128.27999877929688,319000.0,122.42491149902344
2017-06-05,128.5399932861328,126.5,128.5,126.61000061035156,360200.0,120.83112335205078
2017-06-06,126.79000091552734,124.56999969482422,126.5,124.62999725341797,358300.0,118.94149780273438
2017-06-07,125.36000061035156,124.01000213623047,125.05000305175781,124.48999786376953,334500.0,118.80789184570312
2017-06-08,124.44000244140625,123.0,124.3499984741211,123.66999816894531,513800.0,118.02532196044922
2017-06-09,124.05000305175781,123.26000213623047,123.76000213623047,123.69999694824219,411100.0,118.05394744873047
2017-06-12,126.37000274658203,123.51000213623047,123.51000213623047,126.30000305175781,471000.0,120.5352783203125
2017-06-13,127.6500015258789,125.98999786376953,126.25,127.25,376700.0,121.44190979003906
2017-06-14,128.6699981689453,126.86000061035156,127.87999725341797,127.95999908447266,445200.0,122.1195068359375
2017-06-15,128.0500030517578,126.44000244140625,127.41000366210938,127.79000091552734,326700.0,121.95726776123047
2017-06-16,130.4600067138672,127.0199966430664,127.0199966430664,130.4499969482422,974500.0,124.49586486816406
2017-06-19,131.41000366210938,129.61000061035156,130.80999755859375,131.35000610351562,516300.0,125.35479736328125
2017-06-20,131.3800048828125,129.80999755859375,131.3800048828125,130.07000732421875,319300.0,124.1332015991211
2017-06-21,130.19000244140625,128.89999389648438,129.99000549316406,129.61000061035156,298700.0,123.69419860839844
2017-06-22,129.72999572753906,129.07000732421875,129.72999572753906,129.16000366210938,306900.0,123.26473999023438
2017-06-23,130.2899932861328,129.02999877929688,129.30999755859375,129.41000366210938,373800.0,123.5033187866211
2017-06-26,130.47999572753906,129.1300048828125,130.00999450683594,129.5,190000.0,123.58924102783203
2017-06-27,128.86000061035156,125.73999786376953,128.0,125.81999969482422,629900.0,120.07717895507812
2017-06-28,127.5199966430664,125.80999755859375,126.83000183105469,126.76000213623047,334800.0,120.97428894042969
2017-06-29,126.5,123.62999725341797,126.5,124.3499984741211,454500.0,118.67428588867188
2017-06-30,126.52999877929688,125.08999633789062,125.30000305175781,126.04000091552734,468400.0,120.28714752197266
2017-07-03,127.11000061035156,125.94000244140625,126.7699966430664,125.98999786376953,276200.0,120.23943328857422
2017-07-05,128.25999450683594,125.45999908447266,126.08999633789062,126.12000274658203,729900.0,120.36349487304688
2017-07-06,125.4800033569336,123.41999816894531,125.41000366210938,123.7300033569336,610300.0,118.08258819580078
2017-07-07,126.62999725341797,124.04000091552734,124.04000091552734,126.12999725341797,511600.0,120.37303924560547
2017-07-10,126.98999786376953,125.47000122070312,125.80000305175781,126.54000091552734,546100.0,120.76432800292969
2017-07-11,126.45999908447266,124.8499984741211,126.0199966430664,125.83000183105469,337200.0,120.08673858642578
2017-07-12,127.44000244140625,126.4000015258789,126.94999694824219,127.16000366210938,308900.0,121.35603332519531
2017-07-13,127.87999725341797,125.79000091552734,127.3499984741211,126.47000122070312,284500.0,120.69752502441406
2017-07-14,126.93000030517578,126.2699966430664,126.73999786376953,126.43000030517578,430600.0,120.65934753417969
2017-07-17,126.58999633789062,125.5999984741211,126.37999725341797,126.19000244140625,390200.0,120.4302978515625
2017-07-18,126.30999755859375,125.33999633789062,126.16999816894531,125.41999816894531,339200.0,119.69544219970703
2017-07-19,126.16000366210938,125.05000305175781,125.62000274658203,126.08000183105469,484900.0,120.32532501220703
2017-07-20,126.94999694824219,125.36000061035156,126.55000305175781,126.77999877929688,496500.0,120.99337005615234
2017-07-21,139.38999938964844,131.1300048828125,131.24000549316406,138.42999267578125,2340900.0,132.1116180419922
2017-07-24,139.25,136.49000549316406,138.38999938964844,138.19000244140625,1116200.0,131.88258361816406
2017-07-25,138.6999969482422,136.7100067138672,138.6999969482422,137.3000030517578,823500.0,131.033203125
2017-07-26,137.97000122070312,136.69000244140625,137.2100067138672,137.11000061035156,523200.0,130.8518829345703
2017-07-27,137.0399932861328,135.1999969482422,137.0399932861328,135.82000732421875,629700.0,129.62075805664062
2017-07-28,136.32000732421875,135.10000610351562,135.83999633789062,135.61000061035156,569800.0,129.42034912109375
2017-07-31,135.89999389648438,134.5399932861328,135.6999969482422,134.85000610351562,637100.0,128.69503784179688
2017-08-01,139.74000549316406,134.35000610351562,137.6999969482422,135.52000427246094,592000.0,129.33445739746094
2017-08-02,135.58999633789062,133.77000427246094,135.11000061035156,135.0,660400.0,128.8381805419922
2017-08-03,135.58999633789062,133.66000366210938,135.02999877929688,134.13999938964844,484700.0,128.01742553710938
2017-08-04,135.27999877929688,133.47999572753906,134.63999938964844,135.0,355800.0,128.8381805419922
2017-08-07,135.36000061035156,134.16000366210938,134.83999633789062,134.4499969482422,443300.0,128.31329345703125
2017-08-08,134.9499969482422,133.07000732421875,134.39999389648438,133.38999938964844,762600.0,127.3016586303711
2017-08-09,133.72999572753906,132.52999877929688,133.25999450683594,133.3000030517578,552500.0,127.21578216552734
2017-08-10,133.08999633789062,130.67999267578125,132.8699951171875,130.80999755859375,703700.0,124.83940887451172
2017-08-11,131.72999572753906,130.08999633789062,131.32000732421875,130.3300018310547,474600.0,124.38133239746094
2017-08-14,133.33999633789062,131.1999969482422,131.39999389648438,132.9499969482422,400600.0,126.88174438476562
2017-08-15,133.7899932861328,132.22000122070312,132.77999877929688,133.14999389648438,425500.0,127.0726318359375
2017-08-16,134.13999938964844,133.1699981689453,133.30999755859375,133.33999633789062,327700.0,127.25395202636719
2017-08-17,133.1699981689453,130.9199981689453,133.1699981689453,131.19000244140625,434900.0,125.20208740234375
2017-08-18,132.8800048828125,130.1699981689453,130.91000366210938,132.61000061035156,925800.0,126.55725860595703
2017-08-21,134.8699951171875,132.05999755859375,132.60000610351562,133.8699951171875,880600.0,127.75975036621094
2017-08-22,135.42999267578125,133.9199981689453,133.9199981689453,135.25999450683594,371900.0,129.0863037109375
2017-08-23,134.9499969482422,134.0,134.9499969482422,134.0500030517578,579300.0,127.93154907226562
2017-08-24,134.10000610351562,131.6199951171875,134.08999633789062,133.1999969482422,590800.0,127.1203384399414
2017-08-25,135.10000610351562,133.33999633789062,133.89999389648438,133.82000732421875,454400.0,127.7120590209961
2017-08-28,134.72999572753906,133.1999969482422,134.35000610351562,133.86000061035156,413700.0,127.75021362304688
2017-08-29,133.61000061035156,132.58999633789062,133.1300048828125,132.97000122070312,396500.0,126.90084838867188
2017-08-30,134.0,132.49000549316406,132.8800048828125,133.77000427246094,301800.0,127.6643295288086
2017-08-31,135.27999877929688,133.57000732421875,133.91000366210938,135.00999450683594,466600.0,128.8477325439453
2017-09-01,135.63999938964844,134.2899932861328,135.63999938964844,134.55999755859375,320800.0,128.4182586669922
2017-09-05,134.7100067138672,132.60000610351562,134.22000122070312,133.2899932861328,428300.0,127.20623779296875
2017-09-06,134.16000366210938,132.8300018310547,133.74000549316406,133.39999389648438,524300.0,127.31121826171875
2017-09-07,133.55999755859375,132.14999389648438,133.55999755859375,133.13999938964844,399100.0,127.06307983398438
2017-09-08,133.8300018310547,131.75,132.7100067138672,133.72000122070312,325500.0,127.61661529541016
2017-09-11,135.25,133.52000427246094,133.9499969482422,135.0,319800.0,128.8381805419922
2017-09-12,135.61000061035156,134.41000366210938,134.9199981689453,134.67999267578125,422700.0,128.5327911376953
2017-09-13,135.32000732421875,133.57000732421875,134.61000061035156,135.25,360000.0,129.07675170898438
2017-09-14,134.82000732421875,133.52000427246094,134.82000732421875,134.61000061035156,392800.0,128.46595764160156
2017-09-15,135.08999633789062,133.72000122070312,134.5800018310547,134.14999389648438,882300.0,128.02696228027344
2017-09-18,134.50999450683594,133.6999969482422,134.22000122070312,134.3000030517578,432800.0,128.17015075683594
2017-09-19,134.8000030517578,133.94000244140625,134.42999267578125,134.75,481800.0,128.59959411621094
2017-09-20,136.72999572753906,134.8300018310547,135.0,136.52000427246094,619400.0,130.288818359375
2017-09-21,137.6300048828125,135.50999450683594,136.4199981689453,137.4499969482422,485900.0,131.17636108398438
2017-09-22,139.0,136.47999572753906,137.3699951171875,136.64999389648438,563000.0,130.41287231445312
2017-09-25,137.47000122070312,136.3000030517578,136.85000610351562,136.8699951171875,819200.0,130.62283325195312
2017-09-26,137.1300048828125,136.07000732421875,136.94000244140625,136.10000610351562,759200.0,129.8879852294922
2017-09-27,145.0,142.36000061035156,143.41000366210938,144.00999450683594,2727000.0,137.43695068359375
2017-09-28,143.86000061035156,141.75999450683594,143.6699981689453,142.77000427246094,846100.0,136.25355529785156
2017-09-29,144.66000366210938,142.2899932861328,142.5,144.27999877929688,938200.0,137.69461059570312
2017-10-02,145.6199951171875,144.02999877929688,144.5,145.42999267578125,746900.0,138.7921142578125
2017-10-03,147.44000244140625,145.32000732421875,145.47999572753906,147.3800048828125,788400.0,140.6531219482422
2017-10-04,147.63999938964844,146.1999969482422,146.8699951171875,147.1999969482422,770100.0,140.48133850097656
2017-10-05,148.22000122070312,146.47999572753906,147.4600067138672,148.00999450683594,609300.0,141.25436401367188
2017-10-06,149.47999572753906,147.4600067138672,148.0,149.0800018310547,614700.0,142.27552795410156
2017-10-09,149.9600067138672,149.0800018310547,149.2899932861328,149.60000610351562,400200.0,142.7718048095703
2017-10-10,150.42999267578125,149.52999877929688,149.52999877929688,150.24000549316406,576100.0,143.382568359375
2017-10-11,150.72000122070312,149.61000061035156,150.02000427246094,150.6699981689453,408000.0,143.79295349121094
2017-10-12,151.75,150.49000549316406,150.5,151.50999450683594,597800.0,144.59461975097656
2017-10-13,152.47999572753906,151.41000366210938,151.8699951171875,151.94000244140625,522500.0,145.00498962402344
2017-10-16,152.5,150.86000061035156,152.5,151.22000122070312,368400.0,144.31785583496094
2017-10-17,152.41000366210938,150.3300018310547,151.75,151.0500030517578,400100.0,144.15560913085938
2017-10-18,151.82000732421875,151.07000732421875,151.39999389648438,151.16000366210938,430700.0,144.26058959960938
2017-10-19,150.97000122070312,149.44000244140625,150.5,150.9499969482422,704500.0,144.0601806640625
2017-10-20,152.8300018310547,151.0399932861328,151.7899932861328,152.1999969482422,467300.0,145.25311279296875
2017-10-23,152.1999969482422,151.36000061035156,152.11000061035156,151.49000549316406,262000.0,144.5755157470703
2017-10-24,151.92999267578125,150.39999389648438,151.52999877929688,150.85000610351562,393600.0,143.9647674560547
2017-10-25,151.0800018310547,149.5,150.67999267578125,150.16000366210938,471100.0,143.3062286376953
2017-10-26,151.6999969482422,150.63999938964844,150.8699951171875,151.5500030517578,384800.0,144.63279724121094
2017-10-27,151.66000366210938,150.11000061035156,150.83999633789062,151.55999755859375,375900.0,144.64231872558594
2017-10-30,151.24000549316406,149.17999267578125,151.24000549316406,149.22000122070312,307100.0,142.40914916992188
2017-10-31,150.25,148.9199981689453,149.94000244140625,149.0399932861328,475900.0,142.2373504638672
2017-11-01,149.0500030517578,145.5800018310547,148.85000610351562,147.1199951171875,694400.0,140.40496826171875
2017-11-02,148.33999633789062,146.1300048828125,147.05999755859375,147.5500030517578,509900.0,140.8153839111328
2017-11-03,148.50999450683594,147.08999633789062,147.61000061035156,148.3699951171875,375300.0,141.59793090820312
2017-11-06,148.36000061035156,146.9600067138672,148.0500030517578,147.57000732421875,579600.0,140.83444213867188
2017-11-07,148.44000244140625,147.32000732421875,148.05999755859375,147.8699951171875,335900.0,141.12075805664062
2017-11-08,149.66000366210938,147.32000732421875,147.42999267578125,149.61000061035156,404200.0,142.78135681152344
2017-11-09,147.72000122070312,144.39999389648438,147.47999572753906,145.42999267578125,532900.0,140.31143188476562
2017-11-10,146.13999938964844,144.82000732421875,144.82000732421875,146.10000610351562,415200.0,140.95785522460938
2017-11-13,147.77000427246094,145.75,145.8699951171875,147.35000610351562,659500.0,142.1638641357422
2017-11-14,149.4600067138672,146.57000732421875,146.57000732421875,149.1999969482422,603200.0,143.94874572753906
2017-11-15,149.64999389648438,147.6300048828125,148.39999389648438,149.5,702300.0,144.23818969726562
2017-11-16,150.6199951171875,149.25,149.52999877929688,150.11000061035156,523600.0,144.82672119140625
2017-11-17,150.0800018310547,148.3300018310547,149.77999877929688,148.9199981689453,380800.0,143.67860412597656
2017-11-20,149.16000366210938,148.0500030517578,148.74000549316406,148.25,480300.0,143.03219604492188
2017-11-21,148.86000061035156,147.2100067138672,148.77000427246094,147.5800018310547,585000.0,142.38577270507812
2017-11-22,147.7100067138672,146.55999755859375,147.55999755859375,147.36000061035156,427600.0,142.17352294921875
2017-11-24,148.22000122070312,147.49000549316406,147.92999267578125,147.7100067138672,273500.0,142.51119995117188
2017-11-27,149.10000610351562,147.61000061035156,147.91000366210938,147.9600067138672,524700.0,142.7523956298828
2017-11-28,152.17999267578125,147.77999877929688,148.19000244140625,152.02999877929688,574400.0,146.6791229248047
2017-11-29,153.8699951171875,151.5399932861328,151.97999572753906,153.72999572753906,706200.0,148.31930541992188
2017-11-30,157.80999755859375,153.00999450683594,153.35000610351562,157.44000244140625,2193200.0,151.89874267578125
2017-12-01,158.42999267578125,155.02999877929688,157.19000244140625,157.5,749600.0,151.9566192626953
2017-12-04,159.67999267578125,157.5399932861328,158.41000366210938,158.7100067138672,797100.0,153.12405395507812
2017-12-05,159.52999877929688,156.10000610351562,158.8800048828125,156.27999877929688,612100.0,150.779541015625
2017-12-06,157.60000610351562,156.13999938964844,156.8800048828125,156.5,370500.0,150.99180603027344
2017-12-07,158.86000061035156,155.99000549316406,156.0399932861328,158.0,396400.0,152.4390106201172
2017-12-08,159.2100067138672,157.85000610351562,158.5399932861328,159.17999267578125,327100.0,153.57748413085938
2017-12-11,159.8300018310547,157.9499969482422,158.97999572753906,158.3300018310547,460300.0,152.7574005126953
2017-12-12,158.38999938964844,156.9600067138672,158.30999755859375,157.19000244140625,317800.0,151.6575164794922
2017-12-13,158.86000061035156,157.02999877929688,157.60000610351562,157.2899932861328,506800.0,151.75401306152344
2017-12-14,158.11000061035156,156.89999389648438,158.02000427246094,157.17999267578125,512600.0,151.64788818359375
2017-12-15,158.9199981689453,156.6999969482422,157.88999938964844,158.0,1188300.0,152.4390106201172
2017-12-18,160.2100067138672,158.58999633789062,159.0,159.8800048828125,859700.0,154.25286865234375
2017-12-19,161.0,158.39999389648438,161.0,158.99000549316406,669900.0,153.39418029785156
2017-12-20,160.0500030517578,158.88999938964844,159.3300018310547,159.08999633789062,512200.0,153.4906463623047
2017-12-21,160.58999633789062,157.6699981689453,160.52999877929688,159.64999389648438,936400.0,154.03094482421875
2017-12-22,163.4499969482422,153.00999450683594,162.0,156.85000610351562,2266900.0,151.32949829101562
2017-12-26,157.63999938964844,155.41000366210938,156.5399932861328,155.52000427246094,502900.0,150.0463104248047
2017-12-27,156.47999572753906,155.25999450683594,155.9600067138672,156.02000427246094,381800.0,150.52871704101562
2017-12-28,156.72000122070312,154.80999755859375,155.97999572753906,156.6199951171875,440700.0,151.1075897216797
2017-12-29,157.10000610351562,155.80999755859375,156.99000549316406,155.8300018310547,416800.0,150.3453826904297
2018-01-02,157.52999877929688,155.94000244140625,157.25999450683594,156.85000610351562,478100.0,151.32949829101562
2018-01-03,158.6699981689453,156.2100067138672,156.2100067138672,158.4199981689453,529800.0,152.84422302246094
2018-01-04,161.2899932861328,158.4199981689453,158.69000244140625,161.1699981689453,567800.0,155.49745178222656
2018-01-05,161.77000427246094,160.6699981689453,161.32000732421875,161.63999938964844,587800.0,155.95091247558594
2018-01-08,162.5800018310547,159.8300018310547,161.3800048828125,161.89999389648438,652200.0,156.2017364501953
2018-01-09,162.22000122070312,161.14999389648438,162.0,161.22000122070312,449200.0,155.5457000732422
2018-01-10,161.32000732421875,159.7899932861328,160.97999572753906,160.3300018310547,403100.0,154.68701171875
2018-01-11,162.24000549316406,159.85000610351562,160.3000030517578,162.0500030517578,529900.0,156.3464813232422
2018-01-12,162.25,160.05999755859375,161.80999755859375,160.4600067138672,449100.0,154.81246948242188
2018-01-16,162.11000061035156,160.80999755859375,161.11000061035156,161.22000122070312,760900.0,155.5457000732422
2018-01-17,163.0500030517578,161.3300018310547,161.3300018310547,162.6699981689453,777300.0,156.94464111328125
2018-01-18,162.97000122070312,160.0,160.88999938964844,161.8000030517578,578200.0,156.1052703857422
2018-01-19,164.1699981689453,161.27000427246094,161.94000244140625,164.05999755859375,447400.0,158.2857208251953
2018-01-22,165.1999969482422,163.22000122070312,164.0,165.13999938964844,474000.0,159.32772827148438
2018-01-23,165.27999877929688,163.4600067138672,164.88999938964844,164.89999389648438,419100.0,159.09617614746094
2018-01-24,165.80999755859375,164.63999938964844,165.33999633789062,164.97999572753906,395000.0,159.17335510253906
2018-01-25,167.55999755859375,165.8000030517578,165.91000366210938,166.5800018310547,496100.0,160.717041015625
2018-01-26,167.8000030517578,166.02000427246094,166.8300018310547,167.77000427246094,372400.0,161.8651885986328
2018-01-29,167.5800018310547,165.57000732421875,167.36000061035156,166.0,483500.0,160.157470703125
2018-01-30,166.97999572753906,165.11000061035156,166.1300048828125,165.82000732421875,437000.0,159.98377990722656
2018-01-31,169.9600067138672,166.25999450683594,166.3000030517578,168.4499969482422,1032500.0,162.52120971679688
2018-02-01,168.3300018310547,164.0,167.8699951171875,165.17999267578125,607000.0,159.36630249023438
2018-02-02,164.97000122070312,161.6699981689453,164.3800048828125,161.82000732421875,446700.0,156.12457275390625
2018-02-05,163.3800048828125,156.42999267578125,162.30999755859375,156.4600067138672,764700.0,150.9532470703125
2018-02-06,157.30999755859375,151.9199981689453,154.4199981689453,156.35000610351562,1057100.0,150.84710693359375
2018-02-07,159.4600067138672,155.49000549316406,155.72000122070312,156.60000610351562,664100.0,151.0883026123047
2018-02-08,156.7899932861328,149.25,156.38999938964844,149.32000732421875,719400.0,144.06454467773438
2018-02-09,154.08999633789062,147.3800048828125,150.80999755859375,152.72999572753906,991300.0,147.3544921875
2018-02-12,155.63999938964844,152.42999267578125,153.44000244140625,154.39999389648438,484200.0,148.96571350097656
2018-02-13,156.60000610351562,152.99000549316406,153.66000366210938,156.07000732421875,275900.0,150.5769500732422
2018-02-14,164.47999572753906,154.55999755859375,154.88999938964844,164.36000061035156,1252800.0,158.57518005371094
2018-02-15,167.08999633789062,163.25999450683594,165.22999572753906,166.94000244140625,649100.0,161.0643768310547
2018-02-16,167.8699951171875,166.32000732421875,167.35000610351562,167.1199951171875,587700.0,161.23802185058594
2018-02-20,168.5399932861328,165.5,166.35000610351562,166.64999389648438,543100.0,160.78457641601562
2018-02-21,169.72000122070312,166.25,166.44000244140625,167.33999633789062,505900.0,161.45030212402344
2018-02-22,169.08999633789062,166.6199951171875,167.17999267578125,167.0800018310547,497100.0,161.19943237304688
2018-02-23,170.1300048828125,166.6300048828125,168.44000244140625,169.99000549316406,475800.0,164.00701904296875
2018-02-26,171.0,169.0,170.6999969482422,170.7899932861328,765000.0,164.77886962890625
2018-02-27,171.57000732421875,170.30999755859375,171.0,171.0,775500.0,164.9814910888672
2018-02-28,172.91000366210938,170.66000366210938,171.8300018310547,170.66000366210938,849200.0,164.65342712402344
2018-03-01,172.6699981689453,168.3800048828125,171.27000427246094,169.55999755859375,723300.0,163.5921630859375
2018-03-02,170.66000366210938,167.0800018310547,168.17999267578125,169.94000244140625,561300.0,163.9587860107422
2018-03-05,171.75,167.19000244140625,168.61000061035156,171.41000366210938,383800.0,165.37704467773438
2018-03-06,172.1199951171875,170.3300018310547,171.64999389648438,172.0,472000.0,165.94627380371094
2018-03-07,172.77999877929688,171.16000366210938,171.16000366210938,172.19000244140625,558300.0,166.1295928955078
2018-03-08,172.77000427246094,170.75,172.25,172.22999572753906,463300.0,166.16818237304688
2018-03-09,178.33999633789062,172.49000549316406,173.05999755859375,178.3000030517578,456800.0,172.02455139160156
2018-03-12,177.9199981689453,174.8000030517578,177.9199981689453,176.61000061035156,635700.0,170.39404296875
2018-03-13,178.27999877929688,175.74000549316406,178.0,176.1300048828125,348800.0,169.93093872070312
2018-03-14,176.64999389648438,173.39999389648438,176.64999389648438,173.61000061035156,377300.0,167.49960327148438
2018-03-15,174.47999572753906,172.66000366210938,174.11000061035156,173.3000030517578,371500.0,167.20053100585938
2018-03-16,174.85000610351562,172.5500030517578,174.0500030517578,173.27999877929688,988900.0,167.18121337890625
2018-03-19,173.32000732421875,171.25,172.97000122070312,172.99000549316406,561000.0,166.90142822265625
2018-03-20,174.5399932861328,172.44000244140625,173.1699981689453,172.52000427246094,444000.0,166.44798278808594
2018-03-21,175.39999389648438,172.58999633789062,172.88999938964844,173.2899932861328,519100.0,167.1908721923828
2018-03-22,172.05999755859375,162.11000061035156,170.9600067138672,163.11000061035156,1124100.0,157.36917114257812
2018-03-23,174.6999969482422,165.00999450683594,166.72999572753906,167.85000610351562,1453500.0,161.94235229492188
2018-03-26,172.82000732421875,168.22999572753906,170.58999633789062,170.97999572753906,877200.0,164.962158203125
2018-03-27,174.89999389648438,168.6300048828125,174.27000427246094,169.58999633789062,614000.0,163.62107849121094
2018-03-28,171.07000732421875,168.5,169.64999389648438,169.0500030517578,568600.0,163.10011291503906
2018-03-29,172.1199951171875,168.55999755859375,169.52999877929688,170.5800018310547,575500.0,164.57626342773438
2018-04-02,170.99000549316406,165.47999572753906,170.11000061035156,167.4600067138672,584100.0,161.56607055664062
2018-04-03,170.05999755859375,167.69000244140625,168.47000122070312,169.8300018310547,640500.0,163.85264587402344
2018-04-04,170.24000549316406,166.8800048828125,167.97999572753906,169.4600067138672,545700.0,163.4956817626953
2018-04-05,172.6199951171875,169.60000610351562,170.5500030517578,171.6999969482422,509200.0,165.65682983398438
2018-04-06,171.1699981689453,165.3300018310547,170.08999633789062,166.74000549316406,349300.0,160.8714141845703
2018-04-09,170.25999450683594,167.50999450683594,168.02999877929688,167.6699981689453,393500.0,161.76869201660156
2018-04-10,171.47000122070312,169.2899932861328,170.0,170.3300018310547,503700.0,164.33505249023438
2018-04-11,170.75999450683594,168.8800048828125,169.22999572753906,170.13999938964844,422000.0,164.15174865722656
2018-04-12,173.0399932861328,170.6300048828125,170.6300048828125,172.1699981689453,421900.0,166.11029052734375
2018-04-13,172.75,169.5800018310547,172.75,170.16000366210938,403900.0,164.17105102539062
2018-04-16,173.0500030517578,170.7100067138672,171.6300048828125,172.91000366210938,344900.0,166.82424926757812
2018-04-17,175.10000610351562,173.52999877929688,173.72000122070312,173.9499969482422,441700.0,167.82763671875
2018-04-18,174.75999450683594,172.0800018310547,174.27000427246094,174.3800048828125,300600.0,168.2425079345703
2018-04-19,174.8000030517578,172.92999267578125,174.19000244140625,174.16000366210938,256300.0,168.03025817871094
2018-04-20,174.63999938964844,172.2899932861328,173.74000549316406,173.1199951171875,337000.0,167.02687072753906
2018-04-23,174.08999633789062,172.36000061035156,173.9199981689453,173.1199951171875,351100.0,167.02687072753906
2018-04-24,175.0,169.8800048828125,174.5,171.5,413500.0,165.46388244628906
2018-04-25,172.27000427246094,169.74000549316406,171.08999633789062,171.19000244140625,358100.0,165.16481018066406
2018-04-26,173.49000549316406,170.64999389648438,171.92999267578125,172.88999938964844,348500.0,166.80494689941406
2018-04-27,173.8300018310547,171.91000366210938,172.91000366210938,173.30999755859375,294000.0,167.2101593017578
2018-04-30,174.66000366210938,170.25,173.22999572753906,170.3000030517578,765300.0,164.30612182617188
2018-05-01,172.66000366210938,169.0,169.58999633789062,172.33999633789062,481700.0,166.27430725097656
2018-05-02,173.1300048828125,170.13999938964844,172.27000427246094,170.86000061035156,375000.0,164.84640502929688
2018-05-03,174.38999938964844,170.0,170.0399932861328,173.00999450683594,553700.0,166.92071533203125
2018-05-04,175.6300048828125,171.88999938964844,172.3000030517578,175.22999572753906,416900.0,169.0625762939453
2018-05-07,176.4600067138672,174.5399932861328,175.63999938964844,175.75,611400.0,169.5642852783203
2018-05-08,176.74000549316406,175.0,175.60000610351562,176.63999938964844,384400.0,170.4229736328125
2018-05-09,179.0,175.44000244140625,176.66000366210938,178.8800048828125,321300.0,172.58413696289062
2018-05-10,182.1699981689453,179.16000366210938,179.74000549316406,181.9600067138672,302400.0,175.5557403564453
2018-05-11,183.99000549316406,181.30999755859375,181.44000244140625,183.91000366210938,338100.0,177.43710327148438
2018-05-14,184.22000122070312,182.66000366210938,183.63999938964844,183.27000427246094,337000.0,176.8196258544922
2018-05-15,183.25999450683594,181.63999938964844,182.33999633789062,183.14999389648438,337400.0,176.70382690429688
2018-05-16,183.63999938964844,181.7100067138672,182.85000610351562,182.14999389648438,312300.0,175.73902893066406
2018-05-17,183.47999572753906,181.83999633789062,182.42999267578125,182.25,387100.0,175.83554077148438
2018-05-18,183.3699951171875,181.33999633789062,182.57000732421875,182.85000610351562,343200.0,176.41439819335938
2018-05-21,183.6300048828125,182.60000610351562,183.0,183.42999267578125,425700.0,176.97398376464844
2018-05-22,183.66000366210938,180.6300048828125,183.5,180.8699951171875,384200.0,174.5040740966797
2018-05-23,180.8699951171875,179.14999389648438,180.30999755859375,180.75999450683594,402400.0,174.39794921875
2018-05-24,182.0,179.94000244140625,181.14999389648438,181.64999389648438,319700.0,175.25662231445312
2018-05-25,181.97000122070312,180.10000610351562,181.0800018310547,180.83999633789062,295300.0,174.4751434326172
2018-05-29,181.60000610351562,179.08999633789062,179.7899932861328,180.6199951171875,355900.0,174.2628936767578
2018-05-30,183.22000122070312,180.5800018310547,181.24000549316406,183.14999389648438,325900.0,176.70382690429688
2018-05-31,184.0399932861328,181.66000366210938,183.22999572753906,182.25,1160600.0,175.83554077148438
2018-06-01,184.67999267578125,182.1999969482422,182.8699951171875,184.55999755859375,459500.0,178.064208984375
2018-06-04,187.17999267578125,184.97000122070312,184.99000549316406,186.80999755859375,389800.0,180.23501586914062
2018-06-05,189.89999389648438,187.3000030517578,187.35000610351562,189.8300018310547,427000.0,183.1487274169922
2018-06-06,191.33999633789062,189.52000427246094,189.9499969482422,190.92999267578125,427400.0,184.21002197265625
2018-06-07,191.2100067138672,187.82000732421875,190.8000030517578,189.07000732421875,419600.0,182.41549682617188
2018-06-08,191.5800018310547,188.67999267578125,189.17999267578125,191.47999572753906,289700.0,184.7406463623047
2018-06-11,191.91000366210938,189.97000122070312,191.25999450683594,190.52000427246094,328800.0,183.814453125
2018-06-12,192.77000427246094,191.16000366210938,191.24000549316406,192.3000030517578,298200.0,185.53179931640625
2018-06-13,194.08999633789062,192.14999389648438,192.14999389648438,192.3000030517578,355400.0,185.53179931640625
2018-06-14,193.10000610351562,190.8000030517578,193.10000610351562,191.55999755859375,487000.0,184.81784057617188
2018-06-15,191.72999572753906,189.30999755859375,191.72000122070312,190.50999450683594,930500.0,183.8048095703125
2018-06-18,191.4499969482422,189.32000732421875,190.6300048828125,191.02999877929688,399700.0,184.30650329589844
2018-06-19,190.74000549316406,187.86000061035156,189.75,190.5500030517578,347000.0,183.8433837890625
2018-06-20,191.3699951171875,189.5399932861328,191.02000427246094,190.27999877929688,339000.0,183.58290100097656
2018-06-21,190.60000610351562,188.00999450683594,190.11000061035156,189.4600067138672,313400.0,182.79176330566406
2018-06-22,190.99000549316406,188.3699951171875,190.44000244140625,188.6300048828125,477500.0,181.990966796875
2018-06-25,188.85000610351562,184.6999969482422,188.3800048828125,185.5800018310547,586800.0,179.04832458496094
2018-06-26,187.41000366210938,185.83999633789062,185.9499969482422,186.58999633789062,425400.0,180.0227813720703
2018-06-27,187.97999572753906,184.16000366210938,186.0399932861328,184.35000610351562,393900.0,177.86163330078125
2018-06-28,186.27000427246094,184.19000244140625,184.47999572753906,185.55999755859375,251100.0,179.02902221679688
2018-06-29,188.1699981689453,185.0399932861328,185.7899932861328,185.07000732421875,438300.0,178.5562744140625
2018-07-02,188.8699951171875,183.1999969482422,184.24000549316406,188.64999389648438,451200.0,182.01025390625
2018-07-03,189.82000732421875,186.9499969482422,188.97999572753906,187.0800018310547,242300.0,180.4955291748047
2018-07-05,189.61000061035156,187.2100067138672,187.8300018310547,189.39999389648438,408400.0,182.73387145996094
2018-07-06,191.88999938964844,188.6999969482422,189.3300018310547,191.27000427246094,276400.0,184.5380401611328
2018-07-09,192.99000549316406,191.5,191.91000366210938,192.91000366210938,576500.0,186.12034606933594
2018-07-10,194.32000732421875,192.38999938964844,193.07000732421875,193.2899932861328,420500.0,186.48696899414062
2018-07-11,194.30999755859375,191.9499969482422,192.07000732421875,193.55999755859375,477500.0,186.74745178222656
2018-07-12,195.17999267578125,193.10000610351562,194.55999755859375,195.05999755859375,356500.0,188.19464111328125
2018-07-13,196.27000427246094,194.97000122070312,195.60000610351562,195.7100067138672,320000.0,188.82179260253906
2018-07-16,196.02000427246094,192.1699981689453,195.77999877929688,192.5,512100.0,185.72476196289062
2018-07-17,194.58999633789062,192.61000061035156,193.66000366210938,194.25999450683594,499600.0,187.4228057861328
2018-07-18,194.99000549316406,192.1699981689453,193.88999938964844,192.52999877929688,539400.0,185.75369262695312
2018-07-19,193.94000244140625,191.47999572753906,192.60000610351562,193.67999267578125,673300.0,186.8632049560547
2018-07-20,204.27999877929688,195.05999755859375,196.5,203.57000732421875,1306200.0,196.4051513671875
2018-07-23,207.97999572753906,203.44000244140625,203.74000549316406,205.1199951171875,1040500.0,197.9005889892578
2018-07-24,207.97999572753906,204.57000732421875,204.57000732421875,206.99000549316406,828100.0,199.7047882080078
2018-07-25,209.38999938964844,206.13999938964844,206.63999938964844,209.25,614600.0,201.88522338867188
2018-07-26,210.3800048828125,207.42999267578125,209.9600067138672,208.7899932861328,520800.0,201.44140625
2018-07-27,209.22000122070312,203.4199981689453,208.9600067138672,205.02999877929688,513100.0,197.81373596191406
2018-07-30,204.99000549316406,201.3699951171875,204.9199981689453,202.72999572753906,650600.0,195.59469604492188
2018-07-31,204.9600067138672,202.72999572753906,203.8800048828125,204.47999572753906,757800.0,197.28311157226562
2018-08-01,206.6199951171875,204.0,204.0,205.97000122070312,621400.0,198.72067260742188
2018-08-02,208.47000122070312,205.1300048828125,205.38999938964844,208.17999267578125,535200.0,200.85289001464844
2018-08-03,208.6300048828125,205.14999389648438,208.0800018310547,206.9199981689453,382600.0,199.63723754882812
2018-08-06,211.00999450683594,207.02999877929688,207.11000061035156,210.19000244140625,435000.0,202.79212951660156
2018-08-07,212.27000427246094,210.50999450683594,210.89999389648438,211.22999572753906,360700.0,203.79551696777344
2018-08-08,212.02000427246094,210.4499969482422,211.1999969482422,210.8000030517578,417100.0,203.38067626953125
2018-08-09,212.58999633789062,211.02000427246094,211.2899932861328,211.39999389648438,467200.0,203.9595489501953
2018-08-10,211.8000030517578,209.16000366210938,209.1999969482422,210.99000549316406,369300.0,203.56399536132812
2018-08-13,211.9199981689453,209.13999938964844,211.1300048828125,209.67999267578125,274600.0,202.30007934570312
2018-08-14,211.57000732421875,208.4600067138672,209.6999969482422,210.27999877929688,550600.0,202.8789825439453
2018-08-15,211.63999938964844,208.69000244140625,209.52999877929688,211.41000366210938,483900.0,203.96920776367188
2018-08-16,213.02000427246094,211.3000030517578,212.1999969482422,211.92999267578125,318900.0,204.4709014892578
2018-08-17,213.10000610351562,211.6199951171875,212.67999267578125,212.77999877929688,424100.0,205.29098510742188
2018-08-20,213.97000122070312,212.32000732421875,213.6199951171875,212.8699951171875,467700.0,205.37782287597656
2018-08-21,213.83999633789062,211.86000061035156,213.11000061035156,211.94000244140625,489100.0,204.4805450439453
2018-08-22,213.7100067138672,211.00999450683594,211.57000732421875,212.4199981689453,285500.0,204.9436492919922
2018-08-23,212.8000030517578,211.11000061035156,211.9600067138672,212.38999938964844,248200.0,204.9147186279297
2018-08-24,213.69000244140625,211.5,212.6999969482422,212.6300048828125,228400.0,205.14625549316406
2018-08-27,213.92999267578125,211.6999969482422,213.3800048828125,212.0399932861328,359800.0,204.5770263671875
2018-08-28,213.50999450683594,212.1199951171875,212.69000244140625,213.08999633789062,254600.0,205.59007263183594
2018-08-29,214.75,212.39999389648438,213.5399932861328,214.27000427246094,295200.0,206.7285614013672
2018-08-30,214.27000427246094,212.33999633789062,213.69000244140625,213.30999755859375,208500.0,205.80233764648438
2018-08-31,213.72000122070312,212.57000732421875,212.89999389648438,213.3699951171875,390600.0,205.8601837158203
2018-09-04,216.1699981689453,213.22000122070312,213.22000122070312,215.5399932861328,409800.0,207.95382690429688
2018-09-05,216.83999633789062,213.4199981689453,214.4600067138672,214.6300048828125,514900.0,207.07586669921875
2018-09-06,216.64999389648438,214.24000549316406,214.58999633789062,216.39999389648438,276900.0,208.7835693359375
2018-09-07,217.33999633789062,214.44000244140625,215.6999969482422,216.22999572753906,289300.0,208.61953735351562
2018-09-10,216.38999938964844,214.0800018310547,216.38999938964844,214.44000244140625,393800.0,206.89254760742188
2018-09-11,216.8800048828125,212.49000549316406,213.6999969482422,215.19000244140625,332400.0,207.6161651611328
2018-09-12,215.3800048828125,211.9600067138672,213.22999572753906,212.91000366210938,471000.0,205.41641235351562
2018-09-13,214.38999938964844,212.92999267578125,214.25999450683594,213.3699951171875,449000.0,205.8601837158203
2018-09-14,215.05999755859375,212.6699981689453,213.35000610351562,214.47999572753906,312700.0,206.93115234375
2018-09-17,214.5,211.72999572753906,214.5,212.47000122070312,421100.0,204.9918975830078
2018-09-18,215.4499969482422,212.75999450683594,213.1699981689453,214.8800048828125,567800.0,207.3170928955078
2018-09-19,214.83999633789062,209.85000610351562,214.72999572753906,210.82000732421875,441900.0,203.39999389648438
2018-09-20,212.25,209.82000732421875,211.5,211.69000244140625,418500.0,204.23934936523438
2018-09-21,213.94000244140625,211.14999389648438,212.2899932861328,211.6999969482422,848700.0,204.24899291992188
2018-09-24,212.4199981689453,210.10000610351562,212.0,211.11000061035156,471300.0,203.67977905273438
2018-09-25,213.64999389648438,211.32000732421875,212.13999938964844,212.9600067138672,822000.0,205.46466064453125
2018-09-26,208.99000549316406,200.11000061035156,206.17999267578125,201.16000366210938,2323200.0,194.0799560546875
2018-09-27,202.0,196.8300018310547,201.3800048828125,197.58999633789062,1174000.0,190.6356201171875
2018-09-28,198.22000122070312,195.0800018310547,196.66000366210938,197.80999755859375,1107400.0,190.84786987304688
2018-10-01,199.64999389648438,197.02999877929688,198.99000549316406,198.02000427246094,1162500.0,191.0504913330078
2018-10-02,198.33999633789062,195.5800018310547,197.11000061035156,195.85000610351562,1042700.0,188.9568634033203
2018-10-03,197.38999938964844,195.27000427246094,196.6699981689453,196.0399932861328,1043100.0,189.14016723632812
2018-10-04,196.91000366210938,194.2899932861328,195.89999389648438,194.8800048828125,878600.0,188.02099609375
2018-10-05,197.25,194.02000427246094,195.27000427246094,195.89999389648438,856000.0,189.0050811767578
2018-10-08,196.49000549316406,192.47999572753906,195.69000244140625,194.4600067138672,406500.0,187.61578369140625
2018-10-09,196.52000427246094,194.1699981689453,194.63999938964844,195.32000732421875,669400.0,188.4455108642578
2018-10-10,195.35000610351562,186.86000061035156,195.35000610351562,187.1300048828125,858600.0,180.54376220703125
2018-10-11,189.27000427246094,183.47000122070312,186.88999938964844,184.02000427246094,1210600.0,177.54322814941406
2018-10-12,188.02999877929688,184.52999877929688,185.66000366210938,186.97000122070312,815100.0,180.38938903808594
2018-10-15,186.74000549316406,183.99000549316406,186.74000549316406,184.38999938964844,549100.0,177.90020751953125
2018-10-16,190.52000427246094,185.00999450683594,185.19000244140625,189.91000366210938,543500.0,183.22592163085938
2018-10-17,190.72000122070312,185.41000366210938,190.72000122070312,186.1999969482422,718200.0,179.64649963378906
2018-10-18,186.99000549316406,179.67999267578125,186.3000030517578,180.9600067138672,792300.0,174.5909423828125
2018-10-19,182.05999755859375,177.80999755859375,181.82000732421875,178.66000366210938,642300.0,172.3718719482422
2018-10-22,180.1199951171875,176.7899932861328,178.91000366210938,178.66000366210938,569300.0,172.3718719482422
2018-10-23,176.97000122070312,170.75,175.99000549316406,174.67999267578125,1071100.0,168.5319366455078
2018-10-24,176.19000244140625,168.02000427246094,174.58999633789062,168.3800048828125,908400.0,162.45370483398438
2018-10-25,174.4600067138672,168.5800018310547,170.0,173.69000244140625,837400.0,167.57681274414062
2018-10-26,173.9499969482422,168.1999969482422,170.25999450683594,171.47000122070312,636600.0,165.4349365234375
2018-10-29,175.2100067138672,169.0,173.49000549316406,171.89999389648438,756600.0,165.84979248046875
2018-10-30,178.3800048828125,173.11000061035156,173.11000061035156,177.88999938964844,1218400.0,171.6289825439453
2018-10-31,183.8800048828125,178.99000549316406,179.0,181.8699951171875,1055900.0,175.46888732910156
2018-11-01,182.63999938964844,178.47000122070312,182.3699951171875,180.77000427246094,797800.0,174.40762329101562
2018-11-02,183.74000549316406,178.07000732421875,181.99000549316406,179.6300048828125,516800.0,173.3077392578125
2018-11-05,180.89999389648438,176.27000427246094,180.02000427246094,177.6699981689453,659000.0,171.4167022705078
2018-11-06,179.25999450683594,176.1199951171875,178.07000732421875,177.41000366210938,752600.0,171.16587829589844
2018-11-07,181.6999969482422,178.11000061035156,179.35000610351562,181.39999389648438,709900.0,175.01544189453125
2018-11-08,181.2100067138672,178.47000122070312,179.44000244140625,181.16000366210938,401800.0,176.78170776367188
2018-11-09,180.6699981689453,177.16000366210938,180.6699981689453,179.22000122070312,412000.0,174.88856506347656
2018-11-12,179.99000549316406,176.0800018310547,178.6999969482422,176.8300018310547,434000.0,172.55633544921875
2018-11-13,180.41000366210938,176.72999572753906,177.3699951171875,178.1300048828125,461900.0,173.82493591308594
2018-11-14,180.0,175.74000549316406,179.41000366210938,177.22999572753906,415000.0,172.94667053222656
2018-11-15,182.44000244140625,176.00999450683594,176.64999389648438,182.22000122070312,563800.0,177.81607055664062
2018-11-16,183.97999572753906,180.4600067138672,182.14999389648438,183.1999969482422,450800.0,178.77236938476562
2018-11-19,183.38999938964844,178.27999877929688,183.0,179.5800018310547,651900.0,175.23988342285156
2018-11-20,179.1199951171875,176.5,178.00999450683594,177.8000030517578,713800.0,173.50289916992188
2018-11-21,182.11000061035156,178.32000732421875,179.50999450683594,180.69000244140625,488700.0,176.32305908203125
2018-11-23,181.0399932861328,178.82000732421875,179.72999572753906,180.0500030517578,284500.0,175.6985321044922
2018-11-26,183.27000427246094,180.08999633789062,181.85000610351562,182.25999450683594,689900.0,177.8551025390625
2018-11-27,183.52000427246094,180.82000732421875,181.1999969482422,183.35000610351562,455800.0,178.91876220703125
2018-11-28,188.30999755859375,182.75,182.75,188.24000549316406,688600.0,183.69058227539062
2018-11-29,188.85000610351562,185.77000427246094,187.7899932861328,188.0399932861328,431100.0,183.4954071044922
2018-11-30,189.82000732421875,186.91000366210938,188.77999877929688,187.3800048828125,797400.0,182.85137939453125
2018-12-03,191.25999450683594,187.63999938964844,189.9199981689453,189.3699951171875,588300.0,184.79327392578125
2018-12-04,189.99000549316406,179.49000549316406,189.99000549316406,179.49000549316406,689600.0,175.1520538330078
2018-12-06,178.32000732421875,173.58999633789062,177.19000244140625,177.8300018310547,869400.0,173.5321807861328
2018-12-07,178.5399932861328,170.4199981689453,176.7899932861328,171.39999389648438,855000.0,167.25755310058594
2018-12-10,172.3699951171875,169.08999633789062,171.39999389648438,171.5399932861328,650900.0,167.39418029785156
2018-12-11,174.67999267578125,169.89999389648438,173.91000366210938,170.42999267578125,668200.0,166.31100463867188
2018-12-12,176.0800018310547,172.60000610351562,173.11000061035156,173.16000366210938,535900.0,168.97503662109375
2018-12-13,174.1300048828125,170.69000244140625,173.80999755859375,171.83999633789062,428900.0,167.68695068359375
2018-12-14,171.69000244140625,169.3000030517578,170.49000549316406,169.74000549316406,596800.0,165.63771057128906
2018-12-17,170.86000061035156,165.30999755859375,169.8699951171875,166.22000122070312,1048600.0,162.2027587890625
2018-12-18,167.94000244140625,164.86000061035156,167.33999633789062,166.60000610351562,983300.0,162.57359313964844
2018-12-19,171.02999877929688,164.82000732421875,166.72000122070312,165.07000732421875,1260100.0,161.08058166503906
2018-12-20,164.1999969482422,155.97999572753906,163.39999389648438,159.0399932861328,1441700.0,155.19627380371094
2018-12-21,166.14999389648438,158.9499969482422,161.02000427246094,159.97000122070312,2285800.0,156.10382080078125
2018-12-24,160.38999938964844,155.97999572753906,160.13999938964844,156.02000427246094,562100.0,152.24929809570312
2018-12-26,164.08999633789062,156.0500030517578,156.94000244140625,164.02999877929688,1014100.0,160.06568908691406
2018-12-27,167.2899932861328,160.99000549316406,161.82000732421875,167.25,684800.0,163.20787048339844
2018-12-28,169.02999877929688,165.02999877929688,167.74000549316406,166.91000366210938,651000.0,162.87608337402344
2018-12-31,168.52000427246094,165.77000427246094,167.9499969482422,167.99000549316406,564300.0,163.9300079345703
2019-01-02,167.5800018310547,164.58999633789062,165.50999450683594,167.49000549316406,594600.0,163.4420928955078
2019-01-03,170.0,164.5,167.94000244140625,164.80999755859375,918500.0,160.82684326171875
2019-01-04,172.77000427246094,165.69000244140625,167.1999969482422,172.55999755859375,870500.0,168.38954162597656
2019-01-07,174.1699981689453,170.7100067138672,172.49000549316406,172.85000610351562,739100.0,168.67254638671875
2019-01-08,175.5,171.13999938964844,174.52999877929688,174.72000122070312,777500.0,170.49734497070312
2019-01-09,177.22000122070312,174.16000366210938,175.47000122070312,176.25,608300.0,171.9903564453125
2019-01-10,177.61000061035156,175.52000427246094,175.9199981689453,177.47999572753906,561100.0,173.1906280517578
2019-01-11,177.92999267578125,175.41000366210938,176.97000122070312,177.7899932861328,440800.0,173.4931182861328
2019-01-14,177.44000244140625,175.47999572753906,176.66000366210938,176.66000366210938,398300.0,172.39044189453125
2019-01-15,178.1199951171875,176.08999633789062,177.3699951171875,177.5399932861328,440000.0,173.2491912841797
2019-01-16,178.63999938964844,176.39999389648438,177.8800048828125,178.27000427246094,494600.0,173.9615478515625
2019-01-17,181.25,177.27000427246094,177.7899932861328,180.91000366210938,413100.0,176.53775024414062
2019-01-18,185.33999633789062,181.60000610351562,182.64999389648438,184.91000366210938,638100.0,180.44107055664062
2019-01-22,184.64999389648438,181.32000732421875,184.08999633789062,182.75999450683594,394700.0,178.343017578125
2019-01-23,183.85000610351562,180.55999755859375,183.61000061035156,182.13999938964844,462400.0,177.73800659179688
2019-01-24,182.64999389648438,180.44000244140625,182.36000061035156,182.52000427246094,280300.0,178.10882568359375
2019-01-25,185.3300018310547,184.0,184.5,184.97999572753906,423800.0,180.50936889648438
2019-01-28,183.5800018310547,181.1699981689453,183.27999877929688,182.99000549316406,383600.0,178.5674591064453
2019-01-29,184.02999877929688,182.32000732421875,183.72999572753906,183.10000610351562,341400.0,178.6748046875
2019-01-30,187.42999267578125,182.63999938964844,184.13999938964844,186.6199951171875,434400.0,182.1097412109375
2019-01-31,187.91000366210938,185.94000244140625,186.72000122070312,187.50999450683594,708900.0,182.97821044921875
2019-02-01,188.97999572753906,186.1699981689453,187.5399932861328,188.61000061035156,565400.0,184.05165100097656
2019-02-04,190.4199981689453,186.92999267578125,188.58999633789062,190.36000061035156,355500.0,185.75933837890625
2019-02-05,192.0500030517578,190.0,190.47000122070312,191.8000030517578,348600.0,187.16455078125
2019-02-06,191.8800048828125,190.7100067138672,191.5,191.5500030517578,394700.0,186.92059326171875
2019-02-07,192.08999633789062,189.91000366210938,190.50999450683594,191.75,408900.0,187.11575317382812
2019-02-08,194.25,190.6300048828125,190.8300018310547,194.22999572753906,333900.0,189.53579711914062
2019-02-11,197.77000427246094,194.77999877929688,195.4199981689453,197.61000061035156,670900.0,192.83412170410156
2019-02-12,200.91000366210938,198.02000427246094,199.1300048828125,200.58999633789062,615000.0,195.74209594726562
2019-02-13,202.8800048828125,200.58999633789062,200.67999267578125,201.75999450683594,542000.0,196.88380432128906
2019-02-14,202.35000610351562,200.00999450683594,200.00999450683594,201.41000366210938,452200.0,196.54229736328125
2019-02-15,203.88999938964844,201.27000427246094,203.36000061035156,203.7899932861328,523700.0,198.86476135253906
2019-02-19,203.86000061035156,202.8300018310547,202.9499969482422,203.49000549316406,362200.0,198.572021484375
2019-02-20,203.6199951171875,201.02999877929688,202.77999877929688,203.05999755859375,263900.0,198.15240478515625
2019-02-21,203.55999755859375,201.02000427246094,203.27999877929688,202.97999572753906,297800.0,198.07432556152344
2019-02-22,205.0,202.99000549316406,203.5,204.39999389648438,292600.0,199.4600067138672
2019-02-25,205.92999267578125,204.38999938964844,205.32000732421875,204.4600067138672,321400.0,199.51858520507812
2019-02-26,205.0,203.10000610351562,203.69000244140625,203.1999969482422,302300.0,198.28903198242188
2019-02-27,205.39999389648438,201.1999969482422,202.82000732421875,204.97999572753906,327900.0,200.02598571777344
2019-02-28,207.3300018310547,204.35000610351562,205.1199951171875,206.60000610351562,441100.0,201.6068572998047
2019-03-01,209.4499969482422,206.52000427246094,208.0399932861328,208.35000610351562,392200.0,203.31455993652344
2019-03-04,209.63999938964844,205.49000549316406,209.1199951171875,206.58999633789062,382900.0,201.5970916748047
2019-03-05,207.07000732421875,205.3000030517578,206.9199981689453,205.3699951171875,541100.0,200.4065704345703
2019-03-06,205.8300018310547,203.16000366210938,205.1999969482422,203.22000122070312,436100.0,198.3085479736328
2019-03-07,203.5,200.17999267578125,203.1699981689453,202.52999877929688,574800.0,197.6352081298828
2019-03-08,201.6999969482422,199.6999969482422,201.10000610351562,201.32000732421875,473900.0,196.4544677734375
2019-03-11,204.63999938964844,199.97000122070312,201.75999450683594,204.32000732421875,736200.0,199.3819580078125
2019-03-12,204.91000366210938,202.47000122070312,204.50999450683594,204.08999633789062,486000.0,199.1575164794922
2019-03-13,206.13999938964844,204.10000610351562,204.6999969482422,205.52000427246094,542700.0,200.55296325683594
2019-03-14,205.52999877929688,203.72999572753906,205.11000061035156,204.88999938964844,683800.0,199.9381866455078
2019-03-15,207.1999969482422,204.5399932861328,204.91000366210938,205.5500030517578,1122400.0,200.5822296142578
2019-03-18,207.88999938964844,205.63999938964844,205.99000549316406,207.5399932861328,459900.0,202.5241241455078
2019-03-19,208.32000732421875,206.0,207.8800048828125,206.52000427246094,420700.0,201.52879333496094
2019-03-20,207.88999938964844,204.6300048828125,207.2100067138672,205.19000244140625,466800.0,200.23092651367188
2019-03-21,208.4499969482422,204.0,204.0,208.1199951171875,838300.0,203.09010314941406
2019-03-22,204.00999450683594,193.75,202.91000366210938,194.5500030517578,1549600.0,189.8480682373047
2019-03-25,197.3800048828125,191.91000366210938,194.1199951171875,197.02000427246094,1171600.0,192.2583770751953
2019-03-26,199.61000061035156,197.75999450683594,198.5,199.3800048828125,452100.0,194.56134033203125
2019-03-27,201.27000427246094,198.10000610351562,199.57000732421875,199.07000732421875,388100.0,194.25885009765625
2019-03-28,200.89999389648438,198.5500030517578,199.50999450683594,200.6300048828125,300100.0,195.78114318847656
2019-03-29,202.52000427246094,200.0399932861328,202.0500030517578,202.11000061035156,389000.0,197.22537231445312
2019-04-01,205.36000061035156,203.33999633789062,204.2100067138672,204.97999572753906,515600.0,200.02598571777344
2019-04-02,206.35000610351562,204.67999267578125,205.19000244140625,206.08999633789062,397300.0,201.10916137695312
2019-04-03,208.10000610351562,206.3000030517578,206.80999755859375,207.38999938964844,407600.0,202.3777618408203
2019-04-04,208.14999389648438,204.74000549316406,208.14999389648438,205.33999633789062,280000.0,200.37730407714844
2019-04-05,207.57000732421875,205.44000244140625,206.13999938964844,206.3699951171875,219900.0,201.3824005126953
2019-04-08,206.5399932861328,203.75999450683594,205.41000366210938,206.30999755859375,340100.0,201.32386779785156
2019-04-09,206.5800018310547,204.25999450683594,205.2100067138672,204.72999572753906,300500.0,199.78204345703125
2019-04-10,205.75999450683594,203.4600067138672,204.97000122070312,204.97000122070312,274100.0,200.0162353515625
2019-04-11,205.72000122070312,203.47999572753906,205.0399932861328,205.47000122070312,320500.0,200.50416564941406
2019-04-12,207.5,203.9600067138672,206.3800048828125,207.39999389648438,409400.0,202.3874969482422
2019-04-15,208.6199951171875,206.50999450683594,207.5,208.22999572753906,423700.0,203.19744873046875
2019-04-16,209.75999450683594,208.3300018310547,208.4199981689453,209.3300018310547,277800.0,204.27085876464844
2019-04-17,210.77999877929688,208.4600067138672,210.02999877929688,209.94000244140625,413200.0,204.86611938476562
2019-04-18,213.75,209.94000244140625,210.97000122070312,213.67999267578125,587700.0,208.51573181152344
2019-04-22,212.97000122070312,210.3800048828125,211.86000061035156,210.77000427246094,293800.0,205.6760711669922
2019-04-23,213.69000244140625,210.3699951171875,211.52999877929688,213.39999389648438,333700.0,208.24249267578125
2019-04-24,216.0,213.0800018310547,213.6699981689453,215.8000030517578,496600.0,210.58450317382812
2019-04-25,215.38999938964844,213.3300018310547,214.2899932861328,214.8000030517578,548300.0,209.60867309570312
2019-04-26,217.4600067138672,214.5,216.19000244140625,216.77999877929688,269600.0,211.5408172607422
2019-04-29,217.83999633789062,216.0500030517578,216.60000610351562,216.8699951171875,491300.0,211.62864685058594
2019-04-30,217.25,215.72000122070312,216.47999572753906,217.13999938964844,571100.0,211.89210510253906
2019-05-01,219.02000427246094,216.0500030517578,217.61000061035156,216.05999755859375,383500.0,210.83822631835938
2019-05-02,219.9499969482422,215.38999938964844,215.38999938964844,219.77999877929688,485900.0,214.4683074951172
2019-05-03,223.13999938964844,218.4199981689453,219.3800048828125,222.92999267578125,456400.0,217.54217529296875
2019-05-06,223.99000549316406,218.36000061035156,218.36000061035156,222.89999389648438,416600.0,217.51290893554688
2019-05-07,222.25,217.64999389648438,220.27999877929688,218.85000610351562,542800.0,213.56080627441406
2019-05-08,222.2100067138672,218.58999633789062,219.58999633789062,219.9199981689453,537900.0,214.6049346923828
2019-05-09,221.9199981689453,216.38999938964844,218.17999267578125,221.50999450683594,351500.0,216.156494140625
2019-05-10,223.60000610351562,217.75,219.8000030517578,222.8300018310547,401000.0,217.44461059570312
2019-05-13,220.1699981689453,215.8800048828125,217.9600067138672,216.5,581600.0,211.26759338378906
2019-05-14,221.5399932861328,216.3800048828125,217.2100067138672,220.07000732421875,365700.0,214.7512969970703
2019-05-15,222.4499969482422,217.99000549316406,218.44000244140625,221.5500030517578,423800.0,216.19554138183594
2019-05-16,224.8699951171875,221.6300048828125,221.92999267578125,223.72000122070312,354200.0,218.31309509277344
2019-05-17,225.3300018310547,221.82000732421875,222.47000122070312,223.4199981689453,350900.0,218.02032470703125
2019-05-20,224.02000427246094,221.2899932861328,221.4600067138672,223.3800048828125,271700.0,217.9813232421875
2019-05-21,227.63999938964844,224.5500030517578,225.0500030517578,227.00999450683594,570000.0,221.52357482910156
2019-05-22,227.35000610351562,225.8800048828125,226.61000061035156,226.2899932861328,337800.0,220.8209686279297
2019-05-23,225.0500030517578,223.1999969482422,224.61000061035156,224.1999969482422,362800.0,218.781494140625
2019-05-24,225.72000122070312,222.3800048828125,224.8699951171875,222.5,434800.0,217.12257385253906
2019-05-28,223.91000366210938,220.61000061035156,222.89999389648438,220.69000244140625,686700.0,215.35633850097656
2019-05-29,222.44000244140625,219.7100067138672,220.97000122070312,221.94000244140625,392700.0,216.57611083984375
2019-05-30,224.75,221.9499969482422,222.08999633789062,223.60000610351562,345800.0,218.1959991455078
2019-05-31,222.9600067138672,221.0,221.4499969482422,221.8300018310547,341800.0,216.46878051757812
2019-06-03,224.6300048828125,221.8800048828125,222.16000366210938,223.38999938964844,431200.0,217.99105834960938
2019-06-04,226.8699951171875,223.92999267578125,225.0,226.5,521000.0,221.02589416503906
2019-06-05,231.0500030517578,227.1300048828125,227.5,230.50999450683594,545300.0,224.93899536132812
2019-06-06,231.89999389648438,229.63999938964844,230.16000366210938,231.5399932861328,373900.0,225.944091796875
2019-06-07,233.47000122070312,231.8800048828125,233.16000366210938,232.6199951171875,684800.0,226.99798583984375
2019-06-10,235.3000030517578,233.00999450683594,233.5399932861328,234.5399932861328,616700.0,228.87156677246094
2019-06-11,236.38999938964844,231.25,235.24000549316406,232.27999877929688,443800.0,226.6662139892578
2019-06-12,235.22999572753906,232.4199981689453,232.4199981689453,234.6999969482422,361800.0,229.02772521972656
2019-06-13,236.6300048828125,233.63999938964844,234.49000549316406,235.9600067138672,486400.0,230.2572784423828
2019-06-14,237.4499969482422,235.14999389648438,236.13999938964844,236.3699951171875,336100.0,230.65736389160156
2019-06-17,236.5800018310547,232.0800018310547,235.9499969482422,232.27000427246094,677600.0,226.6564483642578
2019-06-18,235.0,230.50999450683594,233.8300018310547,231.44000244140625,803400.0,225.84652709960938
2019-06-19,236.5,230.6699981689453,231.14999389648438,235.10000610351562,814100.0,229.41806030273438
2019-06-20,237.5500030517578,230.02999877929688,236.8800048828125,232.6300048828125,813700.0,227.0077667236328
2019-06-21,234.1300048828125,230.8699951171875,232.67999267578125,232.3800048828125,924400.0,226.7637939453125
2019-06-24,233.72999572753906,231.27000427246094,232.47999572753906,233.11000061035156,441600.0,227.4761505126953
2019-06-25,233.8800048828125,230.69000244140625,233.85000610351562,231.4499969482422,536700.0,225.85626220703125
2019-06-26,234.38999938964844,232.22000122070312,233.07000732421875,232.77000427246094,544900.0,227.14437866210938
2019-06-27,235.94000244140625,232.5,233.02999877929688,235.67999267578125,379900.0,229.98402404785156
2019-06-28,237.5,235.16000366210938,236.10000610351562,237.2899932861328,655600.0,231.5551300048828
2019-07-01,240.0,235.89999389648438,240.0,238.8699951171875,555700.0,233.09693908691406
2019-07-02,239.17999267578125,237.75999450683594,238.8699951171875,238.0,444500.0,232.2479705810547
2019-07-03,240.1699981689453,238.3000030517578,238.4199981689453,239.52999877929688,283600.0,233.74098205566406
2019-07-05,239.8000030517578,236.39999389648438,238.32000732421875,239.52999877929688,580200.0,233.74098205566406
2019-07-08,239.52999877929688,237.30999755859375,238.61000061035156,238.25999450683594,299000.0,232.50169372558594
2019-07-09,238.5800018310547,236.9199981689453,237.14999389648438,238.4199981689453,362100.0,232.65782165527344
2019-07-10,240.14999389648438,238.42999267578125,239.33999633789062,238.69000244140625,310100.0,232.92129516601562
2019-07-11,240.60000610351562,237.4600067138672,239.24000549316406,239.99000549316406,450800.0,234.18988037109375
2019-07-12,242.7100067138672,240.02999877929688,240.66000366210938,242.44000244140625,405800.0,236.58067321777344
2019-07-15,243.77000427246094,240.00999450683594,242.0,243.25999450683594,366600.0,237.380859375
2019-07-16,244.58999633789062,239.1300048828125,244.22000122070312,239.44000244140625,885700.0,233.65318298339844
2019-07-17,262.0,251.5,253.9199981689453,260.3699951171875,2130300.0,254.07733154296875
2019-07-18,262.5400085449219,257.8900146484375,260.0,260.6499938964844,1030000.0,254.35057067871094
2019-07-19,263.82000732421875,257.67999267578125,262.5,257.8500061035156,648100.0,251.6182403564453
2019-07-22,261.489990234375,258.1499938964844,258.4100036621094,259.0299987792969,687800.0,252.7696990966797
2019-07-23,261.0,256.4100036621094,260.07000732421875,260.7900085449219,539300.0,254.48719787597656
2019-07-24,261.9599914550781,258.25,258.9200134277344,261.9100036621094,565500.0,255.580078125
2019-07-25,262.6199951171875,259.6000061035156,259.9599914550781,260.760009765625,423800.0,254.4579315185547
2019-07-26,262.6099853515625,258.510009765625,260.57000732421875,261.69000244140625,777100.0,255.36544799804688
2019-07-29,262.54998779296875,257.6600036621094,261.05999755859375,260.69000244140625,382000.0,254.38961791992188
2019-07-30,263.04998779296875,258.6400146484375,260.1700134277344,262.8500061035156,407600.0,256.49737548828125
2019-07-31,264.2900085449219,256.510009765625,262.7799987792969,260.44000244140625,878700.0,254.14564514160156
2019-08-01,264.0,258.1499938964844,261.07000732421875,259.0299987792969,559700.0,252.7696990966797
2019-08-02,260.6499938964844,256.1300048828125,258.5799865722656,258.4100036621094,479000.0,252.16470336914062
2019-08-05,257.010009765625,248.75,253.61000061035156,251.1199951171875,617900.0,245.05087280273438
2019-08-06,257.79998779296875,252.0,252.0,257.19000244140625,485400.0,250.9741973876953
2019-08-07,259.510009765625,251.97000122070312,253.38999938964844,258.45001220703125,718900.0,252.20375061035156
2019-08-08,264.4700012207031,258.6400146484375,259.42999267578125,264.2900085449219,492400.0,257.902587890625
2019-08-09,266.55999755859375,260.75,266.55999755859375,263.4200134277344,391600.0,257.0536193847656
2019-08-12,264.0199890136719,260.7900085449219,263.29998779296875,261.3999938964844,395600.0,255.0824432373047
2019-08-13,266.7300109863281,260.3699951171875,260.5400085449219,266.1700134277344,479000.0,259.7371826171875
2019-08-14,265.6700134277344,256.6099853515625,262.4599914550781,256.7200012207031,445900.0,250.5155487060547
2019-08-15,261.1499938964844,256.1700134277344,257.20001220703125,260.0199890136719,458700.0,253.7357940673828
2019-08-16,265.239990234375,261.4100036621094,262.70001220703125,264.3999938964844,460000.0,258.0099182128906
2019-08-19,268.9599914550781,265.0,267.7900085449219,267.82000732421875,467000.0,261.3472900390625
2019-08-20,270.3599853515625,266.5799865722656,269.25,267.8399963378906,355700.0,261.3667907714844
2019-08-21,269.0299987792969,266.3900146484375,267.8999938964844,267.6499938964844,659700.0,261.1813659667969
2019-08-22,268.67999267578125,263.4700012207031,268.67999267578125,264.4599914550781,323500.0,258.0684814453125
2019-08-23,264.1499938964844,254.6699981689453,263.5299987792969,256.0400085449219,537400.0,249.8519744873047
2019-08-26,260.45001220703125,257.5199890136719,259.7300109863281,260.3399963378906,567400.0,254.04803466796875
2019-08-27,263.4599914550781,260.8500061035156,263.239990234375,261.1499938964844,530600.0,254.8384552001953
2019-08-28,262.55999755859375,258.25,259.80999755859375,262.17999267578125,387600.0,255.8435821533203
2019-08-29,266.0,263.739990234375,264.0,264.6000061035156,365400.0,258.2051086425781
2019-08-30,266.6700134277344,262.7900085449219,263.4200134277344,263.79998779296875,391300.0,257.4244079589844
2019-09-03,264.0,258.5299987792969,262.6000061035156,259.92999267578125,390500.0,253.64793395996094
2019-09-04,265.3299865722656,260.0,262.1499938964844,264.010009765625,647700.0,257.6293640136719
2019-09-05,270.239990234375,266.3699951171875,266.9200134277344,267.239990234375,380800.0,260.7812805175781
2019-09-06,269.2699890136719,265.95001220703125,267.19000244140625,266.19000244140625,288400.0,259.75665283203125
2019-09-09,267.55999755859375,255.22999572753906,267.55999755859375,255.66000366210938,930100.0,249.4811553955078
2019-09-10,254.1699981689453,246.9600067138672,253.5500030517578,248.97000122070312,1047900.0,242.95285034179688
2019-09-11,250.0,244.77999877929688,249.99000549316406,246.02000427246094,878700.0,240.0741424560547
2019-09-12,249.75,246.3800048828125,247.7899932861328,246.50999450683594,715400.0,240.55227661132812
2019-09-13,247.6199951171875,244.58999633789062,246.60000610351562,246.67999267578125,858700.0,240.7181854248047
2019-09-16,249.00999450683594,244.0,245.5,247.4600067138672,770600.0,241.47935485839844
2019-09-17,250.33999633789062,247.97999572753906,247.97999572753906,249.9499969482422,384400.0,243.90916442871094
2019-09-18,250.1199951171875,246.88999938964844,250.1199951171875,249.6699981689453,544500.0,243.63592529296875
2019-09-19,252.9600067138672,248.8699951171875,248.8699951171875,251.4199981689453,491700.0,245.3436279296875
2019-09-20,256.8800048828125,251.9199981689453,252.72000122070312,253.77999877929688,1090100.0,247.64659118652344
2019-09-23,255.36000061035156,252.3699951171875,254.44000244140625,254.64999389648438,569700.0,248.49554443359375
2019-09-24,257.8999938964844,251.24000549316406,256.260009765625,252.13999938964844,612800.0,246.04623413085938
2019-09-25,267.8900146484375,260.1700134277344,262.0,266.6199951171875,1725600.0,260.17626953125
2019-09-26,268.67999267578125,265.05999755859375,266.3299865722656,268.0199890136719,700900.0,261.5424499511719
2019-09-27,270.1099853515625,264.2099914550781,268.1700134277344,266.1300048828125,893400.0,259.6981201171875
2019-09-30,269.54998779296875,265.4599914550781,267.17999267578125,268.1000061035156,561200.0,261.6205139160156
2019-10-01,268.82000732421875,262.3599853515625,268.5299987792969,262.3900146484375,518700.0,256.04852294921875
2019-10-02,261.9800109863281,256.75,261.92999267578125,258.95001220703125,683500.0,252.691650390625
2019-10-03,259.3999938964844,253.86000061035156,258.07000732421875,258.6300048828125,456100.0,252.37939453125
2019-10-04,263.19000244140625,259.4800109863281,260.1099853515625,262.8599853515625,445300.0,256.50714111328125
2019-10-07,262.9599914550781,259.7799987792969,262.3699951171875,260.9700012207031,301200.0,254.662841796875
2019-10-08,262.7900085449219,257.260009765625,258.8699951171875,260.3299865722656,570800.0,254.0382843017578
2019-10-09,264.42999267578125,260.8999938964844,261.1499938964844,263.57000732421875,275300.0,257.1999816894531
2019-10-10,266.70001220703125,262.1000061035156,263.3699951171875,266.07000732421875,382500.0,259.63958740234375
2019-10-11,271.7799987792969,267.30999755859375,270.29998779296875,267.6099853515625,443400.0,261.1423645019531
2019-10-14,268.2799987792969,265.7900085449219,267.70001220703125,265.94000244140625,519000.0,259.5126953125
2019-10-15,269.5,266.0,266.6199951171875,269.45001220703125,472900.0,262.9378662109375
2019-10-16,269.17999267578125,265.7699890136719,269.17999267578125,266.9700012207031,420500.0,260.5178527832031
2019-10-17,269.6499938964844,266.1600036621094,268.760009765625,268.3299865722656,376200.0,261.844970703125
2019-10-18,270.0,266.7900085449219,268.5799865722656,269.30999755859375,451900.0,262.8012390136719
2019-10-21,271.9599914550781,268.44000244140625,270.0400085449219,269.989990234375,300500.0,263.4648132324219
2019-10-22,270.6400146484375,265.9100036621094,270.32000732421875,266.1300048828125,263300.0,259.6981201171875
2019-10-23,268.1700134277344,264.69000244140625,265.8800048828125,268.1300048828125,282200.0,261.6497802734375
2019-10-24,272.6400146484375,267.94000244140625,268.6400146484375,272.3399963378906,402600.0,265.7580261230469
2019-10-25,272.6300048828125,269.8500061035156,272.30999755859375,270.3399963378906,273300.0,263.8063659667969
2019-10-28,272.55999755859375,270.57000732421875,271.489990234375,271.7900085449219,338600.0,265.2213439941406
2019-10-29,276.2799987792969,270.4700012207031,270.5799865722656,274.5199890136719,440800.0,267.8853454589844
2019-10-30,276.489990234375,273.32000732421875,275.1000061035156,276.260009765625,354100.0,269.58331298828125
2019-10-31,277.8500061035156,268.4599914550781,276.489990234375,268.6700134277344,667400.0,262.1767578125
2019-11-01,271.5799865722656,267.0299987792969,270.8999938964844,268.8900146484375,626200.0,262.3914489746094
2019-11-04,271.9800109863281,267.260009765625,269.79998779296875,269.7200012207031,422400.0,263.20135498046875
2019-11-05,271.0199890136719,265.45001220703125,271.0199890136719,266.989990234375,447600.0,260.53729248046875
2019-11-06,267.69000244140625,263.3800048828125,267.67999267578125,264.95001220703125,573100.0,258.546630859375
2019-11-07,264.7300109863281,261.739990234375,264.2900085449219,262.0,571000.0,258.15252685546875
2019-11-08,263.9800109863281,260.1300048828125,261.8800048828125,260.8800048828125,628000.0,257.0489501953125
2019-11-11,261.8800048828125,259.70001220703125,259.95001220703125,260.6099853515625,435600.0,256.78289794921875
2019-11-12,262.25,258.260009765625,260.32000732421875,258.8500061035156,1191200.0,255.04876708984375
2019-11-13,255.64999389648438,247.6699981689453,252.36000061035156,255.24000549316406,1667300.0,251.49179077148438
2019-11-14,259.54998779296875,252.14999389648438,253.92999267578125,259.3599853515625,604900.0,255.55126953125
2019-11-15,260.0199890136719,255.5399932861328,258.45001220703125,256.1199951171875,658800.0,252.35887145996094
2019-11-18,258.1700134277344,254.11000061035156,255.25,256.1400146484375,600000.0,252.3785858154297
2019-11-19,259.4100036621094,255.22000122070312,256.8800048828125,257.8999938964844,485600.0,254.1127166748047
2019-11-20,261.2900085449219,256.6600036621094,256.79998779296875,259.4599914550781,633300.0,255.64981079101562
2019-11-21,259.8999938964844,253.3699951171875,259.3399963378906,253.6300048828125,502800.0,249.9054412841797
2019-11-22,257.44000244140625,252.8300018310547,256.3699951171875,254.08999633789062,491900.0,250.35867309570312
2019-11-25,254.94000244140625,250.19000244140625,253.64999389648438,250.8699951171875,619500.0,247.18597412109375
2019-11-26,256.42999267578125,251.0,251.6699981689453,256.04998779296875,1063100.0,252.28988647460938
2019-11-27,260.57000732421875,254.2100067138672,255.77999877929688,260.32000732421875,857200.0,256.4971923828125
2019-11-29,259.4100036621094,255.8800048828125,259.04998779296875,257.05999755859375,290100.0,253.28504943847656
2019-12-02,258.0,254.3800048828125,256.3399963378906,255.88999938964844,583600.0,252.1322479248047
2019-12-03,256.44000244140625,253.4499969482422,253.99000549316406,255.3800048828125,522200.0,251.62974548339844
2019-12-04,258.80999755859375,254.72999572753906,256.5299987792969,254.9499969482422,402500.0,251.20603942871094
2019-12-05,255.75,253.5800018310547,255.13999938964844,254.6999969482422,407000.0,250.959716796875
2019-12-06,259.75,255.88999938964844,257.5899963378906,256.2200012207031,434500.0,252.45741271972656
2019-12-09,256.4200134277344,253.64999389648438,256.4200134277344,253.80999755859375,438100.0,250.08277893066406
2019-12-10,256.7300109863281,253.97000122070312,254.25,255.89999389648438,430200.0,252.14208984375
2019-12-11,258.260009765625,254.27000427246094,256.54998779296875,258.04998779296875,437600.0,254.26048278808594
2019-12-12,260.1000061035156,256.6400146484375,257.79998779296875,259.25,432900.0,255.4429168701172
2019-12-13,262.5799865722656,258.4800109863281,259.2699890136719,261.80999755859375,716400.0,257.9653015136719
2019-12-16,266.9800109863281,258.1199951171875,266.1000061035156,260.7300109863281,728200.0,256.90118408203125
2019-12-17,262.42999267578125,259.19000244140625,261.79998779296875,260.760009765625,896500.0,256.9307556152344
2019-12-18,274.75,263.010009765625,263.1600036621094,265.8800048828125,1557500.0,261.9755554199219
2019-12-19,269.0299987792969,264.95001220703125,265.239990234375,268.010009765625,699400.0,264.0742492675781
2019-12-20,271.67999267578125,267.3900146484375,268.989990234375,271.5,1305800.0,267.51300048828125
2019-12-23,272.1000061035156,270.1300048828125,270.760009765625,270.8599853515625,624600.0,266.88238525390625
2019-12-24,271.70001220703125,267.32000732421875,271.17999267578125,268.80999755859375,141700.0,264.86248779296875
2019-12-26,269.80999755859375,266.4200134277344,269.0899963378906,268.1300048828125,269800.0,264.1925048828125
2019-12-27,269.6000061035156,267.44000244140625,268.5299987792969,269.010009765625,289200.0,265.0595703125
2019-12-30,269.3800048828125,266.25,269.04998779296875,268.3599853515625,302300.0,264.4190979003906
2019-12-31,269.5899963378906,266.75,268.30999755859375,269.0799865722656,369600.0,265.1285400390625
2020-01-02,270.8299865722656,266.5799865722656,269.8599853515625,270.7900085449219,544200.0,266.8134460449219
2020-01-03,271.9800109863281,267.07000732421875,268.07000732421875,269.57000732421875,493100.0,265.6113586425781
2020-01-06,270.3500061035156,266.7799987792969,268.1300048828125,270.2699890136719,409200.0,266.30108642578125
2020-01-07,271.25,267.3399963378906,268.1199951171875,270.07000732421875,388400.0,266.1040344238281
2020-01-08,275.82000732421875,268.8999938964844,270.7699890136719,275.2799987792969,702100.0,271.2375183105469
2020-01-09,282.8900146484375,273.05999755859375,273.05999755859375,279.3500061035156,810800.0,275.2477722167969
2020-01-10,281.1199951171875,277.5,280.1099853515625,278.8399963378906,320200.0,274.7452087402344
2020-01-13,283.29998779296875,279.4800109863281,279.8500061035156,282.8500061035156,409500.0,278.69635009765625
2020-01-14,283.8800048828125,281.20001220703125,282.0199890136719,281.5199890136719,446900.0,277.3858642578125
2020-01-15,285.8699951171875,281.9599914550781,281.9599914550781,284.6400146484375,425500.0,280.4600524902344
2020-01-16,287.45001220703125,284.3800048828125,284.57000732421875,286.510009765625,354100.0,282.3026123046875
2020-01-17,287.739990234375,282.44000244140625,287.69000244140625,284.2300109863281,488800.0,280.05609130859375
2020-01-21,285.2200012207031,281.7699890136719,284.17999267578125,282.0400085449219,469800.0,277.8982238769531
2020-01-22,284.5,282.1700134277344,283.5400085449219,282.3399963378906,325700.0,278.19384765625
2020-01-23,286.1700134277344,281.20001220703125,282.2900085449219,286.0199890136719,322800.0,281.81976318359375
2020-01-24,287.67999267578125,281.25,287.2200012207031,283.44000244140625,244200.0,279.27764892578125
2020-01-27,281.04998779296875,276.0299987792969,278.0299987792969,278.6199951171875,516800.0,274.5284423828125
2020-01-28,280.6600036621094,277.8299865722656,278.2200012207031,277.9599914550781,335400.0,273.87811279296875
2020-01-29,282.25,274.79998779296875,278.8500061035156,280.25,480200.0,276.1344909667969
2020-01-30,283.5,275.20001220703125,275.4800109863281,283.20001220703125,334600.0,279.04119873046875
2020-01-31,284.6199951171875,278.3800048828125,282.1400146484375,278.9700012207031,696900.0,274.8733215332031
2020-02-03,284.79998779296875,279.30999755859375,280.4100036621094,282.010009765625,480000.0,277.8686828613281
2020-02-04,286.8900146484375,283.0400085449219,285.3500061035156,285.9599914550781,529900.0,281.7606506347656
2020-02-05,291.8800048828125,288.4200134277344,289.82000732421875,291.3399963378906,576100.0,287.0616455078125
2020-02-06,294.739990234375,291.3399963378906,292.4700012207031,293.6499938964844,438700.0,289.3377380371094
2020-02-07,294.25,290.67999267578125,291.6300048828125,291.5799865722656,366100.0,287.298095703125
2020-02-10,292.8399963378906,289.2099914550781,291.6000061035156,292.6199951171875,385000.0,288.3228454589844
2020-02-11,294.75,292.2699890136719,294.0400085449219,293.489990234375,263100.0,289.1800842285156
2020-02-12,297.8999938964844,293.25,294.5199890136719,297.1199951171875,417100.0,292.75677490234375
2020-02-13,300.1199951171875,295.4100036621094,295.4100036621094,298.1000061035156,442100.0,293.7223815917969
2020-02-14,301.239990234375,297.3699951171875,298.7099914550781,300.8800048828125,263800.0,296.4615478515625
2020-02-18,302.6700134277344,298.8299865722656,300.92999267578125,302.510009765625,386600.0,298.067626953125
2020-02-19,304.80999755859375,302.7300109863281,303.79998779296875,304.260009765625,296000.0,299.79193115234375
2020-02-20,304.57000732421875,296.7099914550781,302.510009765625,297.70001220703125,585100.0,293.3282775878906
2020-02-21,296.7300109863281,292.239990234375,294.8900146484375,293.3599853515625,500300.0,289.0519714355469
2020-02-24,290.32000732421875,284.4599914550781,285.6199951171875,288.1600036621094,592300.0,283.9283752441406
2020-02-25,289.69000244140625,279.29998779296875,288.1099853515625,279.8800048828125,875400.0,275.76995849609375
2020-02-26,287.07000732421875,281.6000061035156,281.8500061035156,283.9100036621094,707400.0,279.74078369140625
2020-02-27,280.45001220703125,269.30999755859375,277.79998779296875,269.54998779296875,932800.0,265.59161376953125
2020-02-28,267.5199890136719,255.0,255.52000427246094,266.739990234375,1392300.0,262.8229064941406
2020-03-02,279.760009765625,264.4700012207031,266.05999755859375,279.6000061035156,1058100.0,275.49407958984375
2020-03-03,286.6300048828125,270.8599853515625,277.3900146484375,272.3699951171875,895700.0,268.3702392578125
2020-03-04,286.1400146484375,275.5,280.5400085449219,286.1099853515625,681800.0,281.908447265625
2020-03-05,283.25,272.1199951171875,278.2200012207031,275.0400085449219,651900.0,271.00103759765625
2020-03-06,273.760009765625,263.6000061035156,264.8699951171875,272.32000732421875,835500.0,268.32098388671875
2020-03-09,259.760009765625,248.6199951171875,258.9700012207031,250.83999633789062,1113400.0,247.15640258789062
2020-03-10,268.8999938964844,253.24000549316406,257.260009765625,268.4200134277344,911600.0,264.478271484375
2020-03-11,262.3299865722656,245.6699981689453,259.9800109863281,250.41000366210938,644500.0,246.7327117919922
2020-03-12,236.02000427246094,214.24000549316406,231.97999572753906,225.69000244140625,1942700.0,222.375732421875
2020-03-13,244.07000732421875,223.61000061035156,233.25,243.5800018310547,1253500.0,240.00302124023438
2020-03-16,207.67999267578125,197.57000732421875,197.57000732421875,202.50999450683594,1741000.0,199.5361328125
2020-03-17,210.64999389648438,195.85000610351562,206.55999755859375,209.1199951171875,1878200.0,206.04905700683594
2020-03-18,182.38999938964844,163.19000244140625,173.57000732421875,177.97999572753906,1914300.0,175.36636352539062
2020-03-19,185.3699951171875,160.38999938964844,176.22999572753906,183.0,1430900.0,180.31263732910156
2020-03-20,189.4199981689453,167.35000610351562,180.1699981689453,175.08999633789062,2573700.0,172.518798828125
2020-03-23,177.22000122070312,154.3300018310547,177.22000122070312,157.05999755859375,1642900.0,154.75357055664062
2020-03-24,178.75999450683594,165.30999755859375,165.82000732421875,173.8000030517578,1375700.0,171.24774169921875
2020-03-25,200.55999755859375,168.86000061035156,174.22000122070312,192.3300018310547,1677200.0,189.50563049316406
2020-03-26,197.97999572753906,182.5399932861328,194.36000061035156,192.5800018310547,1731000.0,189.751953125
2020-03-27,187.75,180.0,187.44000244140625,181.57000732421875,1005600.0,178.9036407470703
2020-03-30,183.60000610351562,175.35000610351562,181.89999389648438,180.4499969482422,1073800.0,177.80007934570312
2020-03-31,179.5800018310547,171.9199981689453,178.49000549316406,173.22000122070312,1613600.0,170.67625427246094
2020-04-01,167.3800048828125,160.5500030517578,165.44000244140625,162.69000244140625,1114200.0,160.30088806152344
2020-04-02,167.2899932861328,158.88999938964844,160.25,165.19000244140625,1437300.0,162.76417541503906
2020-04-03,167.5,162.19000244140625,163.25999450683594,164.22999572753906,1007900.0,161.8182830810547
2020-04-06,180.60000610351562,168.27999877929688,169.0,179.49000549316406,1343000.0,176.8542022705078
2020-04-07,195.3300018310547,185.35000610351562,190.77999877929688,185.89999389648438,1611100.0,183.1700439453125
2020-04-08,193.97000122070312,185.50999450683594,188.47999572753906,192.41000366210938,942900.0,189.58444213867188
2020-04-09,207.14999389648438,197.50999450683594,197.94000244140625,198.74000549316406,934400.0,195.8214874267578
2020-04-13,198.85000610351562,191.4600067138672,198.75,195.0800018310547,761500.0,192.2152557373047
2020-04-14,203.9499969482422,198.63999938964844,200.66000366210938,201.6999969482422,845000.0,198.73802185058594
2020-04-15,197.00999450683594,186.11000061035156,196.75999450683594,187.07000732421875,915200.0,184.3228759765625
2020-04-16,191.1300048828125,186.49000549316406,189.32000732421875,190.63999938964844,763300.0,187.84043884277344
2020-04-17,204.75,196.61000061035156,198.99000549316406,204.16000366210938,812000.0,201.1619110107422
2020-04-20,202.5500030517578,193.2100067138672,200.02000427246094,193.91000366210938,775100.0,191.0624237060547
2020-04-21,191.88999938964844,187.97999572753906,189.85000610351562,190.5,698400.0,187.70248413085938
2020-04-22,198.8000030517578,192.8000030517578,193.60000610351562,197.44000244140625,669200.0,194.54058837890625
2020-04-23,203.55999755859375,198.16000366210938,198.16000366210938,199.4199981689453,955800.0,196.4915008544922
2020-04-24,202.6699981689453,198.27000427246094,201.27999877929688,200.17999267578125,760900.0,197.24034118652344
2020-04-27,213.05999755859375,200.0,201.67999267578125,212.47000122070312,649500.0,209.34986877441406
2020-04-28,223.1999969482422,214.41000366210938,219.27999877929688,218.1699981689453,1216400.0,214.96615600585938
2020-04-29,232.10000610351562,221.27000427246094,223.10000610351562,230.9499969482422,997000.0,227.55848693847656
2020-04-30,228.25999450683594,221.00999450683594,228.0,221.8300018310547,827000.0,218.5724334716797
2020-05-01,218.14999389648438,210.97000122070312,216.97999572753906,211.80999755859375,806700.0,208.69955444335938
2020-05-04,210.22999572753906,206.3800048828125,209.3000030517578,209.63999938964844,706800.0,206.56143188476562
2020-05-05,214.88999938964844,210.35000610351562,211.60000610351562,210.74000549316406,525300.0,207.64527893066406
2020-05-06,212.69000244140625,208.14999389648438,212.0,210.1699981689453,497000.0,207.08363342285156
2020-05-07,216.63999938964844,211.3300018310547,212.6699981689453,213.39999389648438,401500.0,210.26620483398438
2020-05-08,219.0,214.1199951171875,216.0500030517578,218.2100067138672,374900.0,215.0055694580078
2020-05-11,216.75999450683594,213.0500030517578,215.77000427246094,214.3800048828125,445700.0,211.2318115234375
2020-05-12,216.11000061035156,205.7100067138672,215.0,205.75,750200.0,202.72854614257812
2020-05-13,203.47999572753906,197.13999938964844,202.1999969482422,199.47000122070312,1359800.0,196.54078674316406
2020-05-14,229.24000549316406,204.24000549316406,204.91000366210938,228.7100067138672,2393100.0,225.3513946533203
2020-05-15,230.66000366210938,222.8800048828125,225.85000610351562,227.4199981689453,1459800.0,224.080322265625
2020-05-18,239.42999267578125,232.1300048828125,232.1300048828125,236.42999267578125,999200.0,232.9580078125
2020-05-19,244.36000061035156,236.02999877929688,237.41000366210938,238.97999572753906,1054300.0,235.47056579589844
2020-05-20,243.47999572753906,238.75999450683594,240.60000610351562,240.52999877929688,952500.0,236.997802734375
2020-05-21,245.72000122070312,240.80999755859375,241.58999633789062,242.55999755859375,546500.0,238.99798583984375
2020-05-22,242.1300048828125,239.67999267578125,241.57000732421875,240.64999389648438,436300.0,237.1160430908203
2020-05-26,254.99000549316406,247.14999389648438,249.1199951171875,252.72999572753906,854400.0,249.01864624023438
2020-05-27,256.9599914550781,247.3300018310547,254.9499969482422,251.5800018310547,750300.0,247.8855438232422
2020-05-28,254.63999938964844,250.0800018310547,252.07000732421875,251.72000122070312,483500.0,248.0234832763672
2020-05-29,251.5,243.08999633789062,251.5,247.9600067138672,1246600.0,244.31871032714844
2020-06-01,252.1699981689453,247.11000061035156,248.5,250.94000244140625,481400.0,247.25494384765625
2020-06-02,255.35000610351562,249.4499969482422,251.4600067138672,255.0,877100.0,251.25531005859375
2020-06-03,271.8999938964844,256.6300048828125,258.9100036621094,270.80999755859375,732700.0,266.8331298828125
2020-06-04,270.7300109863281,266.1300048828125,268.4800109863281,269.2099914550781,526600.0,265.25665283203125
2020-06-05,286.6099853515625,275.95001220703125,276.1300048828125,286.5,1048300.0,282.292724609375
2020-06-08,292.1099853515625,285.3500061035156,289.9800109863281,291.510009765625,755300.0,287.2291564941406
2020-06-09,286.9100036621094,281.80999755859375,285.8699951171875,282.9100036621094,612000.0,278.7554626464844
2020-06-10,283.7699890136719,275.05999755859375,283.7699890136719,278.17999267578125,605900.0,274.09490966796875
2020-06-11,271.70001220703125,261.8999938964844,266.67999267578125,264.0,886400.0,260.1231384277344
2020-06-12,272.9700012207031,260.4599914550781,271.3999938964844,266.20001220703125,564300.0,262.2908630371094
2020-06-15,267.5799865722656,257.3299865722656,258.6000061035156,266.5299987792969,575500.0,262.615966796875
2020-06-16,278.92999267578125,269.6700134277344,278.92999267578125,273.6300048828125,452200.0,269.61175537109375
2020-06-17,276.3999938964844,271.44000244140625,272.9700012207031,273.2799987792969,368300.0,269.2668762207031
2020-06-18,277.2099914550781,270.4700012207031,271.2900085449219,275.80999755859375,402600.0,271.75970458984375
2020-06-19,282.5400085449219,269.42999267578125,280.6700134277344,270.1600036621094,973300.0,266.19268798828125
2020-06-22,271.04998779296875,265.17999267578125,266.75,270.05999755859375,602400.0,266.0941467285156
2020-06-23,274.6400146484375,270.25,272.75,272.54998779296875,405200.0,268.5475769042969
2020-06-24,271.010009765625,258.739990234375,269.0400085449219,261.6300048828125,650500.0,257.7879333496094
2020-06-25,263.3999938964844,258.8699951171875,260.2900085449219,262.57000732421875,489800.0,258.7141418457031
2020-06-26,263.7699890136719,254.07000732421875,263.7699890136719,256.5,1052300.0,252.73329162597656
2020-06-29,263.8399963378906,255.3699951171875,257.95001220703125,263.6099853515625,437500.0,259.7388610839844
2020-06-30,267.8299865722656,260.010009765625,261.6000061035156,266.3599853515625,685300.0,262.4484558105469
2020-07-01,272.0299987792969,266.19000244140625,271.7099914550781,267.9700012207031,659900.0,264.0348205566406
2020-07-02,276.489990234375,270.17999267578125,271.32000732421875,270.6499938964844,454700.0,266.6755065917969
2020-07-06,277.0,272.6499938964844,275.4100036621094,273.6300048828125,484700.0,269.61175537109375
2020-07-07,272.9200134277344,269.0799865722656,270.8800048828125,269.9800109863281,442200.0,266.0153503417969
2020-07-08,272.0,268.0799865722656,268.489990234375,271.30999755859375,404800.0,267.3258056640625
2020-07-09,270.739990234375,261.7900085449219,269.3699951171875,266.1400146484375,434100.0,262.23175048828125
2020-07-10,268.1400146484375,263.7200012207031,263.92999267578125,266.8800048828125,280500.0,262.9608459472656
2020-07-13,272.6099853515625,265.5199890136719,269.80999755859375,266.3599853515625,540700.0,262.4484558105469
2020-07-14,270.79998779296875,261.6499938964844,262.5199890136719,270.29998779296875,345700.0,266.3306579589844
2020-07-15,279.2099914550781,271.2699890136719,271.3399963378906,278.3999938964844,413400.0,274.3116760253906
2020-07-16,278.75,274.54998779296875,277.3500061035156,277.45001220703125,452800.0,273.3756408691406
2020-07-17,280.6199951171875,275.0,279.94000244140625,280.05999755859375,290800.0,275.94732666015625
2020-07-20,280.7799987792969,276.7099914550781,279.9100036621094,277.82000732421875,417000.0,273.7402038574219
2020-07-21,285.8900146484375,280.5299987792969,283.1600036621094,284.0799865722656,354100.0,279.90826416015625
2020-07-22,290.0,283.8299865722656,284.75,289.3599853515625,506100.0,285.1107177734375
2020-07-23,311.0199890136719,282.69000244140625,284.989990234375,303.010009765625,1066200.0,298.5602722167969
2020-07-24,307.0899963378906,295.489990234375,303.8699951171875,302.6000061035156,731200.0,298.15631103515625
2020-07-27,303.79998779296875,296.79998779296875,302.6300048828125,298.2799987792969,546900.0,293.8997497558594
2020-07-28,299.5400085449219,293.32000732421875,298.7900085449219,293.55999755859375,508200.0,289.2490539550781
2020-07-29,306.57000732421875,295.8399963378906,297.2200012207031,305.79998779296875,648300.0,301.3092956542969
2020-07-30,303.8900146484375,295.5199890136719,301.45001220703125,301.80999755859375,570100.0,297.3779296875
2020-07-31,302.1600036621094,296.9800109863281,301.6499938964844,301.8699951171875,736600.0,297.43701171875
2020-08-03,303.1199951171875,298.3500061035156,301.7200012207031,298.739990234375,543800.0,294.35296630859375
2020-08-04,304.0,297.04998779296875,298.6300048828125,301.6400146484375,598500.0,297.21038818359375
2020-08-05,305.989990234375,297.4800109863281,304.7099914550781,299.9700012207031,409900.0,295.5649108886719
2020-08-06,303.510009765625,298.0199890136719,299.7300109863281,303.0299987792969,358300.0,298.58001708984375
2020-08-07,310.3800048828125,300.0,302.6700134277344,310.010009765625,441600.0,305.4574890136719
2020-08-10,316.5199890136719,309.6099853515625,310.45001220703125,316.3999938964844,542200.0,311.7536315917969
2020-08-11,324.3900146484375,316.5799865722656,320.3500061035156,318.3299865722656,668500.0,313.6553039550781
2020-08-12,324.3599853515625,319.2099914550781,319.2099914550781,319.8900146484375,344200.0,315.1924133300781
2020-08-13,321.239990234375,317.45001220703125,317.7099914550781,318.9800109863281,253800.0,314.2957458496094
2020-08-14,321.2900085449219,314.9700012207031,316.7699890136719,316.44000244140625,378000.0,311.7930908203125
2020-08-17,321.4800109863281,317.8500061035156,318.4599914550781,320.989990234375,360200.0,316.2762451171875
2020-08-18,322.1499938964844,318.260009765625,321.010009765625,318.7699890136719,268700.0,314.0888366699219
2020-08-19,321.0,317.2699890136719,320.8399963378906,318.5,205100.0,313.82281494140625
2020-08-20,321.80999755859375,315.30999755859375,315.30999755859375,320.0299987792969,220500.0,315.330322265625
2020-08-21,320.9800109863281,316.510009765625,318.9100036621094,320.3900146484375,400400.0,315.6850891113281
2020-08-24,325.8699951171875,322.0199890136719,323.8299865722656,325.3599853515625,254700.0,320.5820617675781
2020-08-25,327.760009765625,323.489990234375,327.57000732421875,324.7300109863281,293300.0,319.9613342285156
2020-08-26,327.6700134277344,322.1600036621094,324.0,325.95001220703125,238600.0,321.1634216308594
2020-08-27,331.8699951171875,326.9599914550781,327.8800048828125,328.7799987792969,270000.0,323.95184326171875
2020-08-28,334.6000061035156,328.70001220703125,328.70001220703125,333.8800048828125,345600.0,328.9769592285156
2020-08-31,334.7099914550781,330.80999755859375,333.25,333.239990234375,359300.0,328.3463439941406
2020-09-01,336.8999938964844,330.04998779296875,332.4100036621094,335.30999755859375,329500.0,330.3859558105469
2020-09-02,343.3699951171875,335.1300048828125,337.54998779296875,342.3800048828125,324300.0,337.3521423339844
2020-09-03,344.9700012207031,326.80999755859375,344.2300109863281,330.70001220703125,534100.0,325.84368896484375
2020-09-04,334.0899963378906,325.4700012207031,332.2699890136719,331.1099853515625,604300.0,326.24761962890625
2020-09-08,328.8800048828125,317.8900146484375,328.8800048828125,318.7799987792969,641400.0,314.09869384765625
2020-09-09,328.05999755859375,319.1499938964844,321.79998779296875,325.92999267578125,490900.0,321.1437072753906
2020-09-10,325.94000244140625,314.8299865722656,325.8399963378906,317.4800109863281,464100.0,312.81781005859375
2020-09-11,323.8299865722656,317.19000244140625,318.17999267578125,320.95001220703125,307800.0,316.23687744140625
2020-09-14,328.9100036621094,323.7799987792969,324.3399963378906,327.80999755859375,333300.0,322.99609375
2020-09-15,331.4100036621094,327.19000244140625,329.1000061035156,328.1700134277344,368100.0,323.3507995605469
2020-09-16,331.19000244140625,325.739990234375,331.19000244140625,326.2099914550781,388900.0,321.4195861816406
2020-09-17,327.4200134277344,317.010009765625,317.6499938964844,325.010009765625,543300.0,320.2372131347656
2020-09-18,332.8599853515625,317.1700134277344,332.0299987792969,318.2699890136719,1213900.0,313.5961608886719
2020-09-21,316.8399963378906,307.6499938964844,313.5299987792969,316.5899963378906,498400.0,311.94085693359375
2020-09-22,326.7099914550781,316.8900146484375,317.3900146484375,324.010009765625,602500.0,319.2519226074219
2020-09-23,339.95001220703125,313.3299865722656,339.95001220703125,316.7099914550781,825000.0,312.0591125488281
2020-09-24,322.0,315.07000732421875,321.9100036621094,318.6400146484375,587200.0,313.9607849121094
2020-09-25,328.4700012207031,314.7699890136719,315.8999938964844,327.1700134277344,425900.0,322.3655090332031
2020-09-28,337.3500061035156,330.0,330.0,336.0,546700.0,331.0658264160156
2020-09-29,335.1600036621094,327.75,327.75,330.2799987792969,326700.0,325.4298400878906
2020-09-30,337.1499938964844,330.3999938964844,334.760009765625,332.8299865722656,525400.0,327.9423522949219
2020-10-01,344.1499938964844,333.010009765625,341.3599853515625,341.92999267578125,510800.0,336.90875244140625
2020-10-02,339.95001220703125,333.739990234375,334.2200012207031,335.04998779296875,459000.0,330.1297912597656
2020-10-05,339.7699890136719,334.92999267578125,338.2799987792969,336.3999938964844,324200.0,331.4599304199219
2020-10-06,339.3699951171875,324.19000244140625,336.4100036621094,330.7200012207031,570800.0,325.86334228515625
2020-10-07,337.6000061035156,333.6300048828125,335.79998779296875,335.70001220703125,309400.0,330.7702331542969
2020-10-08,340.260009765625,336.1199951171875,338.9100036621094,337.9800109863281,353700.0,333.0167541503906
2020-10-09,342.6000061035156,337.1199951171875,339.5799865722656,339.5299987792969,354400.0,334.5439758300781
2020-10-12,351.30999755859375,338.9599914550781,338.9599914550781,349.0,588000.0,343.8749084472656
2020-10-13,353.6600036621094,346.6700134277344,348.3399963378906,352.67999267578125,425700.0,347.5008544921875
2020-10-14,358.69000244140625,350.0799865722656,355.1099853515625,351.19000244140625,431900.0,346.03277587890625
2020-10-15,350.1000061035156,343.5899963378906,346.75,348.3800048828125,335900.0,343.2640380859375
2020-10-16,353.4599914550781,348.2099914550781,350.0,348.3999938964844,336700.0,343.2837219238281
2020-10-19,350.05999755859375,340.010009765625,348.07000732421875,341.32000732421875,329500.0,336.30767822265625
2020-10-20,348.4800109863281,343.0299987792969,343.4100036621094,343.6600036621094,322200.0,338.61334228515625
2020-10-21,345.0799865722656,338.489990234375,341.7300109863281,338.69000244140625,447200.0,333.71630859375
2020-10-22,341.6499938964844,334.5400085449219,340.2900085449219,338.5,337400.0,333.52911376953125
2020-10-23,339.9599914550781,333.9599914550781,339.55999755859375,338.07000732421875,298300.0,333.1054382324219
2020-10-26,334.9800109863281,324.67999267578125,334.0899963378906,328.92999267578125,330900.0,324.0996398925781
2020-10-27,332.0,323.010009765625,330.6600036621094,324.010009765625,541800.0,319.2519226074219
2020-10-28,321.3599853515625,314.6099853515625,314.6099853515625,315.5400085449219,530900.0,310.9062805175781
2020-10-29,323.70001220703125,311.69000244140625,314.44000244140625,319.9200134277344,389100.0,315.2219543457031
2020-10-30,320.4599914550781,311.79998779296875,318.30999755859375,314.54998779296875,577100.0,309.9307861328125
2020-11-02,323.489990234375,316.0899963378906,321.6499938964844,320.3699951171875,356500.0,315.66534423828125
2020-11-03,332.0400085449219,324.4700012207031,324.4700012207031,330.0199890136719,293200.0,325.1736145019531
2020-11-04,349.19000244140625,336.7099914550781,347.3800048828125,337.3699951171875,558500.0,332.41571044921875
2020-11-05,345.45001220703125,336.3800048828125,339.32000732421875,339.07000732421875,407200.0,337.6031494140625
2020-11-06,342.19000244140625,336.6700134277344,338.55999755859375,340.92999267578125,331000.0,339.4551086425781
2020-11-09,368.1199951171875,358.3699951171875,359.989990234375,363.4599914550781,1043400.0,361.88763427734375
2020-11-10,366.010009765625,351.3900146484375,354.07000732421875,358.67999267578125,506400.0,357.1283264160156
2020-11-11,361.4200134277344,354.0899963378906,360.8800048828125,360.0400085449219,373400.0,358.4824523925781
2020-11-12,359.1300048828125,348.0799865722656,356.19000244140625,349.6700134277344,301600.0,348.1573181152344
2020-11-13,356.6099853515625,350.07000732421875,351.4100036621094,356.0,262800.0,354.4599304199219
2020-11-16,369.20001220703125,356.0,356.0,368.6600036621094,387000.0,367.0651550292969
2020-11-17,365.6700134277344,357.3500061035156,362.739990234375,361.4100036621094,364000.0,359.8465270996094
2020-11-18,366.25,359.2799987792969,362.0299987792969,360.489990234375,250300.0,358.93048095703125
2020-11-19,368.489990234375,357.739990234375,358.7200012207031,367.8900146484375,258200.0,366.2984924316406
2020-11-20,367.6000061035156,360.42999267578125,365.1400146484375,361.8500061035156,258300.0,360.2846374511719
2020-11-23,364.5199890136719,356.0199890136719,363.8999938964844,358.2699890136719,329100.0,356.7200622558594
2020-11-24,364.75,358.489990234375,362.2200012207031,361.9599914550781,388900.0,360.3941345214844
2020-11-25,364.2699890136719,358.3599853515625,362.07000732421875,360.489990234375,192400.0,358.93048095703125
2020-11-27,365.1099853515625,358.9200134277344,359.2300109863281,361.0899963378906,112200.0,359.52789306640625
2020-11-30,362.3900146484375,354.1099853515625,361.7699890136719,355.29998779296875,521100.0,353.762939453125
2020-12-01,363.5299987792969,356.69000244140625,359.0400085449219,359.0799865722656,386600.0,357.5265808105469
2020-12-02,362.79998779296875,356.2300109863281,360.2099914550781,360.9100036621094,539800.0,359.34869384765625
2020-12-03,365.4800109863281,354.29998779296875,359.04998779296875,359.69000244140625,439800.0,358.13397216796875
2020-12-04,366.80999755859375,360.0,360.6700134277344,363.4700012207031,467100.0,361.8976135253906
2020-12-07,364.0,352.30999755859375,360.5400085449219,353.1400146484375,365700.0,351.6123046875
2020-12-08,360.5899963378906,351.0299987792969,353.1400146484375,359.760009765625,359500.0,358.20367431640625
2020-12-09,362.8800048828125,352.1499938964844,361.1000061035156,354.0400085449219,528400.0,352.5084228515625
2020-12-10,354.9100036621094,346.5299987792969,354.42999267578125,347.3500061035156,365300.0,345.84735107421875
2020-12-11,351.3500061035156,344.42999267578125,346.2900085449219,349.1099853515625,371900.0,347.5997009277344
2020-12-14,351.7200012207031,346.30999755859375,350.17999267578125,347.260009765625,339400.0,345.75775146484375
2020-12-15,354.57000732421875,345.5199890136719,348.3900146484375,352.92999267578125,458600.0,351.4031982421875
2020-12-16,355.32000732421875,351.8399963378906,354.7200012207031,354.1099853515625,274100.0,352.5780944824219
2020-12-17,355.5199890136719,349.0,354.739990234375,352.0,407700.0,350.47723388671875
2020-12-18,355.5,349.6400146484375,353.8599853515625,354.3500061035156,954400.0,352.81707763671875
2020-12-21,351.5,340.25,350.7200012207031,346.1300048828125,580600.0,344.6325988769531
2020-12-22,348.6199951171875,334.1300048828125,338.0,348.0,762700.0,346.4945373535156
2020-12-23,354.9700012207031,339.3699951171875,354.9700012207031,339.4200134277344,504900.0,337.95166015625
2020-12-24,342.25,336.3999938964844,341.1099853515625,338.3999938964844,185500.0,336.9360656738281
2020-12-28,358.17999267578125,342.1400146484375,342.1400146484375,354.19000244140625,887800.0,352.6577453613281
2020-12-29,357.95001220703125,343.6400146484375,357.6400146484375,347.3699951171875,413500.0,345.86724853515625
2020-12-30,353.32000732421875,346.75,350.1400146484375,350.2300109863281,303700.0,348.7148742675781
2020-12-31,354.0,348.8999938964844,350.510009765625,353.4599914550781,279500.0,351.9308776855469
